80
0   1105   397   3   582   2044   1585   1998   326   60   429   303   154   921   19   274   1128   626   100   1527   1061   1984   650   203   64   867   84   1173   1498   66   925   64   338   1158   108   628   434   1162   255   7   1121   14   1148   15   332   1123   605   99   971   988   1902   623   953   624   454   37   986   15   6   1079   1060   44   1637   67   921   308   98   840   1539   299   82   1562   963   1110   412   613   148   269   226   1194   
1105   0   1121   1123   335   119   1114   299   1362   971   367   67   632   1020   301   54   356   2004   235   575   649   1028   950   802   1474   2031   59   32   35   100   29   0   633   1211   629   196   326   87   1375   1146   116   15   1467   26   2002   615   389   23   1475   1520   1095   1185   467   114   13   996   66   0   0   110   1388   1502   10   328   1476   0   1191   931   1452   1064   1436   355   1583   640   931   1415   1058   952   346   296   
397   1121   0   1451   637   469   1253   242   448   1072   53   387   289   398   44   915   1499   1080   299   52   363   121   325   1106   17   635   298   298   310   359   1357   89   1520   585   0   315   991   393   1987   66   206   1399   1428   1248   1539   932   365   362   1984   221   1066   608   638   848   546   628   133   1950   2044   1573   18   974   1110   63   1484   1125   9   229   979   1943   905   869   20   66   971   190   1083   953   139   350   
3   1123   1451   0   1092   311   275   356   98   1917   597   984   367   83   428   597   107   1301   1580   7   172   1097   639   1535   1464   30   0   414   98   0   1066   2049   1030   1093   1343   1065   1147   2024   343   979   2018   166   265   95   171   992   1385   1131   98   203   34   1385   88   74   308   812   1250   1065   970   518   1059   184   1936   86   19   0   445   1349   1475   1179   35   98   29   376   967   6   60   649   66   1011   
582   335   637   1092   0   1956   1955   184   1154   1071   34   77   51   994   150   994   190   1475   1941   110   335   1235   176   1160   644   313   11   51   1961   370   1539   1106   1162   70   404   1451   645   212   1349   196   88   43   448   2018   429   368   327   176   1090   124   0   926   190   13   1097   355   119   347   124   869   1439   2035   808   55   202   1542   1436   1194   1108   1387   1362   927   196   1129   338   56   117   2034   1250   644   
2044   119   469   311   1956   0   634   344   0   76   0   624   628   637   502   1250   583   1396   1129   1569   1535   1387   1966   1248   1113   197   1984   1325   11   988   637   1942   2045   636   329   110   70   15   440   1451   176   1460   1424   572   2046   1400   996   1452   1055   621   1119   418   1265   343   4   279   66   86   1484   359   201   935   1031   299   1464   1003   982   299   371   622   1451   1013   338   1147   176   203   1002   6   477   438   
1585   1114   1253   275   1955   634   0   921   2010   1492   299   60   799   244   370   1560   465   73   321   1135   1076   804   2025   434   942   902   1231   1951   242   1098   405   24   0   1516   44   1156   913   907   346   21   1173   2032   12   1065   1436   172   4   1535   197   76   1066   69   637   1452   4   12   91   228   66   970   202   84   287   1570   1088   2010   1148   1984   59   996   6   1000   1955   270   193   1448   1218   971   936   1501   
1998   299   242   356   184   344   921   0   1966   347   1459   2013   83   299   60   374   67   1235   1148   1089   1404   266   46   355   52   59   972   1529   328   1212   52   190   10   1197   374   68   2025   611   974   364   938   1206   1302   330   1167   1400   87   1348   969   1420   14   1   629   1188   1388   1448   327   238   1211   985   1173   60   575   67   39   1125   635   1215   97   186   306   1349   1230   1396   992   1064   1043   1059   159   91   
326   1362   448   98   1154   0   2010   1966   0   385   26   355   950   36   91   1023   37   1955   47   1432   0   1152   121   42   25   70   2019   460   79   86   1460   925   374   49   351   1123   1064   974   2024   368   947   1451   27   1252   935   599   913   622   1023   295   17   351   412   585   988   905   1343   1495   1575   911   196   15   29   962   1985   1141   1082   328   190   926   1960   22   319   63   138   1112   62   507   993   52   
60   971   1072   1917   1071   76   1492   347   385   0   648   94   124   0   965   1423   2020   1065   235   281   300   269   1435   937   367   1206   108   74   260   0   132   285   12   404   338   1133   1249   2028   279   56   381   37   1539   985   1460   1399   1458   30   73   1068   1424   1362   1971   338   1985   935   67   1246   969   626   1196   1436   2047   144   98   360   404   1147   198   5   973   1093   1032   1459   360   184   804   201   135   1176   
429   367   53   597   34   0   299   1459   26   648   0   82   1047   98   313   172   969   26   24   318   1944   1988   304   1067   114   124   1451   1486   1495   1167   1904   1442   2028   38   1315   1123   29   1415   248   121   0   71   151   1156   1988   85   310   196   29   468   901   1498   924   1325   1998   1065   1106   961   1194   608   68   0   939   353   343   6   328   1115   629   66   915   1922   1135   37   1359   1437   1053   935   1098   197   
303   67   387   984   77   624   60   2013   355   94   82   0   1510   333   1129   76   1624   190   63   1358   25   925   1622   2010   1212   969   1105   637   1374   910   1411   1080   148   274   7   83   168   325   1170   0   634   985   53   216   1184   1404   6   2024   370   1612   327   988   944   1163   1212   1366   1599   39   1444   1325   621   370   451   350   418   76   337   359   1460   977   128   1061   13   611   270   619   2045   118   434   1967   
154   632   289   367   51   628   799   83   950   124   1047   1510   0   111   84   196   1396   103   1130   87   572   14   51   1265   997   26   89   1147   463   1207   14   582   1250   1471   1478   35   1439   1035   904   27   111   1   907   989   1527   25   2025   1158   630   1352   970   930   37   1358   291   25   53   616   346   35   325   15   30   302   368   1082   959   1176   1997   412   428   90   2009   1438   1444   837   212   645   1128   68   
921   1020   398   83   994   637   244   299   36   0   98   333   111   0   27   950   1108   616   187   1055   374   1063   1029   342   198   0   1246   982   910   121   1431   44   197   904   1148   357   352   1397   1364   1302   230   950   151   630   1459   25   1179   637   1349   87   114   623   984   66   1381   2049   1189   212   21   139   1958   972   10   1407   261   264   124   2039   4   1152   648   1201   1913   102   1176   197   1018   1955   404   361   
19   301   44   428   150   502   370   60   91   965   313   1129   84   27   0   873   893   880   0   881   407   1063   2046   122   637   934   974   1343   1901   623   1127   617   2018   2045   28   1460   0   296   1475   194   18   1401   1061   913   355   1411   980   34   19   212   325   345   1116   187   1998   121   1962   1542   1407   944   342   43   291   622   915   1197   345   323   915   804   1136   59   1452   55   115   800   1325   177   48   855   
274   54   915   597   994   1250   1560   374   1023   1423   172   76   196   950   873   0   1065   19   914   26   73   83   1115   214   59   1109   6   53   972   1128   0   880   242   1143   244   457   946   255   1978   347   1422   197   930   365   1176   475   144   1416   397   1413   800   973   982   1573   988   368   1431   245   950   221   946   1191   12   1416   2029   852   1154   634   1164   1115   1575   80   387   1486   2030   422   1201   118   2025   12   
1128   356   1499   107   190   583   465   67   37   2020   969   1624   1396   1108   893   1065   0   49   177   803   613   404   914   1115   84   406   74   91   1030   635   903   2030   1342   625   249   1069   0   1399   1448   1573   1443   976   354   2035   1435   1170   189   228   477   226   1434   1084   1028   1190   1913   991   850   939   1580   440   88   629   123   1198   840   1188   806   1349   12   475   343   1302   173   1967   1106   192   1200   994   0   434   
626   2004   1080   1301   1475   1396   73   1235   1955   1065   26   190   103   616   880   19   49   0   1023   1464   991   1405   1318   65   1170   362   645   2035   972   1104   644   608   1100   950   915   328   977   1460   620   145   361   83   365   190   429   1475   1055   378   1971   44   68   450   79   1960   1128   796   1152   1566   981   40   407   622   999   982   620   1325   1397   950   989   83   0   1432   1124   107   1038   151   1202   893   1141   1117   
100   235   299   1580   1941   1129   321   1148   47   235   24   63   1130   187   0   914   177   1023   0   214   1050   988   1476   991   287   1352   1435   474   643   630   0   3   72   625   0   318   1207   907   1943   1252   410   1090   47   619   25   1031   1250   193   41   972   201   287   27   337   985   316   511   329   635   1474   904   310   418   1149   1358   1389   615   347   609   59   1206   414   1946   2028   357   309   290   38   1183   342   
1527   575   52   7   110   1569   1135   1089   1432   281   318   1358   87   1055   881   26   803   1464   214   0   1906   90   255   382   1978   1342   1954   1237   6   10   1371   221   1065   955   150   1093   1136   124   1967   1411   350   303   1005   1349   1086   928   497   74   1157   1491   53   967   1061   1573   1922   942   1459   311   1213   1569   1437   21   1967   1267   88   90   621   410   1484   1160   575   1459   1499   1147   2013   927   1624   72   242   349   
1061   649   363   172   335   1535   1076   1404   0   300   1944   25   572   374   407   73   613   991   1050   1906   0   4   1169   387   438   643   1065   149   0   38   273   799   619   1510   197   1093   1498   1386   1186   37   1459   637   1184   1443   993   0   1212   37   1028   2008   1188   623   88   363   643   1424   1391   1446   327   54   1407   137   1348   1604   1139   261   649   1416   1148   184   43   1018   1372   1149   150   971   137   137   635   983   
1984   1028   121   1097   1235   1387   804   266   1152   269   1988   925   14   1063   1063   83   404   1405   988   90   4   0   1367   43   387   1095   497   1436   2025   634   980   583   1966   54   1971   114   342   579   1997   448   99   1357   107   145   1460   49   55   357   1030   1148   123   19   1397   414   215   37   1399   1028   1042   1407   295   274   1250   1172   13   1458   284   84   311   315   1179   1942   1207   113   1624   1055   306   1136   928   1176   
650   950   325   639   176   1966   2025   46   121   1435   304   1622   51   1029   2046   1115   914   1318   1476   255   1169   1367   0   1160   197   1201   335   1114   308   1408   291   460   1207   53   2024   3   89   1179   2011   1424   8   113   47   1062   327   1357   66   1151   203   1906   1357   184   611   1969   445   1157   1499   625   1176   1460   79   1624   301   1922   1430   1516   98   300   341   1560   434   1109   1962   1345   965   399   802   1162   989   1637   
203   802   1106   1535   1160   1248   434   355   42   937   1067   2010   1265   342   122   214   1115   65   991   382   387   43   1160   0   222   203   1035   1215   76   78   477   1569   41   877   1987   371   269   31   196   808   1064   944   1449   1513   952   798   953   2008   1451   611   18   202   410   192   1123   1113   611   407   301   981   13   423   648   869   114   619   0   572   625   323   1129   188   44   1086   19   502   616   1102   371   1436   
64   1474   17   1464   644   1113   942   52   25   367   114   1212   997   198   637   59   84   1170   287   1978   438   387   197   222   0   971   1159   803   0   1344   1061   1416   1141   1431   2035   1191   1957   1372   335   14   52   110   632   328   624   103   42   299   393   648   937   323   1344   1116   111   1396   275   71   1141   47   368   1411   1349   190   60   1396   26   35   87   996   1073   57   634   0   1345   1068   110   1181   1184   59   
867   2031   635   30   313   197   902   59   70   1206   124   969   26   0   934   1109   406   362   1352   1342   643   1095   1201   203   971   0   386   13   132   187   313   1027   360   31   1200   6   1375   969   624   36   297   225   291   1586   1467   1017   629   1192   437   1408   1147   1444   625   86   375   119   1452   352   1136   197   114   1055   1116   66   32   970   1119   1115   1065   999   248   1502   65   244   1371   10   1423   1163   139   956   
84   59   298   0   11   1984   1231   972   2019   108   1451   1105   89   1246   974   6   74   645   1435   1954   1065   497   335   1035   1159   386   0   49   1194   1575   187   847   24   296   1950   299   203   303   50   41   37   880   575   929   973   969   0   244   327   86   84   1215   630   1436   1310   37   1029   1156   332   331   248   616   176   2029   988   1438   962   425   64   1154   1073   963   2031   40   34   1162   34   846   79   238   
1173   32   298   414   51   1325   1951   1529   460   74   1486   637   1147   982   1343   53   91   2035   474   1237   149   1436   1114   1215   803   13   49   0   921   369   346   343   239   1586   1957   395   908   31   1389   964   928   1586   635   1560   379   644   1191   0   1570   1496   2002   1449   65   1922   84   1066   995   79   434   10   7   963   106   121   1375   1011   1253   418   203   986   1187   962   295   974   1438   1173   99   1511   1415   221   
1498   35   310   98   1961   11   242   328   79   260   1495   1374   463   910   1901   972   1030   972   643   6   0   2025   308   76   0   132   1194   921   0   249   17   1147   48   1003   0   355   284   8   89   379   388   855   625   1358   2030   619   203   1157   1599   984   1116   272   1158   185   423   924   13   942   304   346   2026   1444   313   1082   953   368   1998   624   319   1386   1533   937   1227   1460   363   325   1174   1461   14   1091   
66   100   359   0   370   988   1098   1212   86   0   1167   910   1207   121   623   1128   635   1104   630   10   38   634   1408   78   1344   187   1575   369   249   0   1439   1978   103   1520   0   2024   8   226   1091   1076   184   0   26   254   1448   21   585   991   405   198   1185   255   893   25   187   219   609   15   1498   238   1177   798   35   613   911   318   849   154   987   1459   1404   1447   1135   1315   636   0   87   1989   634   634   
925   29   1357   1066   1539   637   405   52   1460   132   1904   1411   14   1431   1127   0   903   644   0   1371   273   980   291   477   1061   313   187   346   17   1439   0   597   327   619   511   622   21   1062   793   203   640   371   619   184   13   1956   2028   1408   1005   1204   1445   306   479   622   1951   300   73   622   44   0   379   634   166   62   1998   77   1367   43   264   1211   1345   319   425   1081   616   1302   121   367   53   300   
64   0   89   2049   1106   1942   24   190   925   285   1442   1080   582   44   617   880   2030   608   3   221   799   583   460   1569   1416   1027   847   343   1147   1978   597   0   1423   8   1364   196   385   114   1117   35   1345   219   1147   69   1149   76   374   1050   802   1522   418   287   59   357   386   115   1560   1201   323   404   1076   1444   1987   1265   1061   983   350   21   10   618   894   1373   62   254   1372   1397   173   1065   95   236   
338   633   1520   1030   1162   2045   0   10   374   12   2028   148   1250   197   2018   242   1342   1100   72   1065   619   1966   1207   41   1141   360   24   239   48   103   327   1423   0   1539   357   921   996   172   991   255   242   353   78   637   116   613   1415   1030   607   419   942   302   1199   959   475   639   338   1193   1071   921   0   397   1411   398   1210   635   1389   585   936   379   236   546   1066   88   1566   2024   26   1083   798   949   
1158   1211   585   1093   70   636   1516   1197   49   404   38   274   1471   904   2045   1143   625   950   625   955   1510   54   53   877   1431   31   296   1586   1003   1520   619   8   1539   0   1060   25   971   355   1960   572   1091   921   5   256   1218   958   328   245   649   7   612   274   994   335   1358   184   1501   984   1450   11   985   648   1188   1560   1149   176   1172   1499   74   347   1252   1135   87   0   0   8   927   89   630   337   
108   629   0   1343   404   329   44   374   351   338   1315   7   1478   1148   28   244   249   915   0   150   197   1971   2024   1987   2035   1200   1950   1957   0   0   511   1364   357   1060   0   308   636   1   1458   1475   1342   315   87   616   1031   21   17   963   2018   1011   1389   1128   89   1486   1176   1063   1197   302   1447   1018   1467   1250   1100   2045   1516   158   239   359   20   74   21   1349   1084   988   2025   374   1032   89   79   1423   
628   196   315   1065   1451   110   1156   68   1123   1133   1123   83   35   357   1460   457   1069   328   318   1093   1093   114   3   371   1191   6   299   395   355   2024   622   196   921   25   308   0   1917   1063   289   34   995   350   159   1201   1956   287   1529   361   1377   355   579   2002   60   68   1943   611   135   441   1124   1451   935   618   474   944   333   331   1190   1562   369   467   2025   927   1366   612   0   904   1946   66   1400   970   
434   326   991   1147   645   70   913   2025   1064   1249   29   168   1439   352   0   946   0   977   1207   1136   1498   342   89   269   1957   1375   203   908   284   8   21   385   996   971   636   1917   0   846   1204   67   1179   1004   2009   87   1956   1413   808   803   1423   132   980   2044   1400   1891   1349   1375   4   950   6   895   1922   970   49   948   931   51   1141   330   1366   1389   66   63   196   627   1157   374   1476   230   63   216   
1162   87   393   2024   212   15   907   611   974   2028   1415   325   1035   1397   296   255   1399   1460   907   124   1386   579   1179   31   1372   969   303   31   8   226   1062   114   172   355   1   1063   846   0   114   1119   34   1133   103   98   848   74   1097   310   1583   1345   1955   1902   381   1179   196   963   52   1097   963   1042   1117   1093   624   575   618   1063   1349   260   1501   419   21   1434   1435   1448   343   1159   350   1148   1179   1097   
255   1375   1987   343   1349   440   346   974   2024   279   248   1170   904   1364   1475   1978   1448   620   1943   1967   1186   1997   2011   196   335   624   50   1389   89   1091   793   1117   991   1960   1458   289   1204   114   0   87   1084   1213   429   1124   1197   1176   1975   1147   1093   928   626   1569   636   413   840   362   460   249   1144   114   351   2039   1197   67   385   15   72   1991   908   441   1147   581   1038   1068   942   48   76   1205   387   0   
7   1146   66   979   196   1451   21   364   368   56   121   0   27   1302   194   347   1573   145   1252   1411   37   448   1424   808   14   36   41   964   379   1076   203   35   255   572   1475   34   67   1119   87   0   980   981   13   202   1191   876   1181   1029   116   1357   1399   1058   950   74   1127   52   62   2032   40   643   337   28   73   1011   34   1388   284   1388   87   1371   929   1060   980   405   1127   985   65   91   1575   1447   
1121   116   206   2018   88   176   1173   938   947   381   0   634   111   230   18   1422   1443   361   410   350   1459   99   8   1064   52   297   37   928   388   184   640   1345   242   1091   1342   995   1179   34   1084   980   0   353   579   99   938   328   1114   646   1235   1197   49   1058   87   612   74   937   63   166   1431   292   1451   1960   1149   980   276   1201   2002   337   1089   970   94   1106   970   0   329   977   338   1420   145   840   
14   15   1399   166   43   1460   2032   1206   1451   37   71   985   1   950   1401   197   976   83   1090   303   637   1357   113   944   110   225   880   1586   855   0   371   219   353   921   315   350   1004   1133   1213   981   353   0   65   1157   1529   57   984   893   1436   379   1131   1902   1084   0   848   1063   10   0   972   1148   1991   12   196   619   644   1474   645   991   1207   1011   59   632   1428   202   329   423   1902   248   116   1560   
1148   1467   1428   265   448   1424   12   1302   27   1539   151   53   907   151   1061   930   354   365   47   1005   1184   107   47   1449   632   291   575   635   625   26   619   1147   78   5   87   159   2009   103   429   13   579   65   0   34   1042   132   1076   1133   977   1439   2010   1349   1163   325   0   1139   0   5   1135   245   1359   27   37   926   1956   2008   264   621   29   148   427   2004   1148   245   971   1092   56   222   292   1458   
15   26   1248   95   2018   572   1065   330   1252   985   1156   216   989   630   913   365   2035   190   619   1349   1443   145   1062   1513   328   1586   929   1560   1358   254   184   69   637   256   616   1201   87   98   1124   202   99   1157   34   0   1984   14   1204   869   40   84   274   49   1246   636   326   47   264   902   423   1183   934   244   248   335   1956   1021   91   1400   932   1109   1965   902   1163   1118   1129   1624   272   1495   2030   429   
332   2002   1539   171   429   2046   1436   1167   935   1460   1988   1184   1527   1459   355   1176   1435   429   25   1086   993   1460   327   952   624   1467   973   379   2030   1448   13   1149   116   1218   1031   1956   1956   848   1197   1191   938   1529   1042   1984   0   166   56   1148   1151   333   2026   1353   812   650   923   1431   993   52   616   897   1962   149   962   649   10   940   1325   2013   428   963   205   963   1085   76   1396   636   1198   274   86   635   
1123   615   932   992   368   1400   172   1400   599   1399   85   1404   25   25   1411   475   1170   1475   1031   928   0   49   1357   798   103   1017   969   644   619   21   1956   76   613   958   21   287   1413   74   1176   876   328   57   132   14   166   0   1927   1117   988   1135   26   1501   100   4   1984   1984   311   1109   423   329   936   245   1551   976   953   649   334   1536   930   930   106   66   6   649   1113   261   49   311   310   1362   
605   389   365   1385   327   996   4   87   913   1458   310   6   2025   1179   980   144   189   1055   1250   497   1212   55   66   953   42   629   0   1191   203   585   2028   374   1415   328   17   1529   808   1097   1975   1181   1114   984   1076   1204   56   1927   0   2010   1042   906   1118   1159   203   410   110   118   1031   978   308   636   893   222   1960   1160   2026   269   1405   248   1108   2030   114   1573   381   132   0   1192   73   1063   1407   427   
99   23   362   1131   176   1452   1535   1348   622   30   196   2024   1158   637   34   1416   228   378   193   74   37   357   1151   2008   299   1192   244   0   1157   991   1408   1050   1030   245   963   361   803   310   1147   1029   646   893   1133   869   1148   1117   2010   0   390   44   460   2010   122   393   139   1502   1516   1377   313   89   1388   2039   1624   34   1011   930   1139   974   980   1099   116   2020   166   1985   1583   1932   1359   0   1157   197   
971   1475   1984   98   1090   1055   197   969   1023   73   29   370   630   1349   19   397   477   1971   41   1157   1028   1030   203   1451   393   437   327   1570   1599   405   1005   802   607   649   2018   1377   1423   1583   1093   116   1235   1436   977   40   1151   988   1042   390   0   34   205   640   196   74   285   941   1452   627   175   474   2027   1400   34   634   1533   212   1966   927   84   2018   1434   1181   1373   1136   1184   1209   198   956   799   41   
988   1520   221   203   124   621   76   1420   295   1068   468   1612   1352   87   212   1413   226   44   972   1491   2008   1148   1906   611   648   1408   86   1496   984   198   1204   1522   419   7   1011   355   132   1345   928   1357   1197   379   1439   84   333   1135   906   44   34   0   917   1028   1960   605   318   1374   65   298   242   4   410   327   1061   905   31   925   1252   330   1442   481   26   139   1093   176   254   1139   977   229   997   1126   
1902   1095   1066   34   0   1119   1066   14   17   1424   901   327   970   114   325   800   1434   68   201   53   1188   123   1357   18   937   1147   84   2002   1116   1185   1445   418   942   612   1389   579   980   1955   626   1399   49   1131   2010   274   2026   26   1118   460   205   917   0   1060   379   1235   305   903   908   54   34   434   427   55   1018   2011   173   1440   137   1066   25   260   2008   936   893   1987   827   323   98   983   1133   1117   
623   1185   608   1385   926   418   69   1   351   1362   1498   988   930   623   345   973   1084   450   287   967   623   19   184   202   323   1444   1215   1449   272   255   306   287   302   274   1128   2002   2044   1902   1569   1058   1058   1902   1349   49   1353   1501   1159   2010   640   1028   1060   0   1083   1432   73   1028   1452   2019   329   337   0   634   1104   2009   1475   1197   508   959   977   296   1094   368   876   958   1080   635   29   585   55   1005   
953   467   638   88   190   1265   637   629   412   1971   924   944   37   984   1116   982   1028   79   27   1061   88   1397   611   410   1344   625   630   65   1158   893   479   59   1199   994   89   60   1400   381   636   950   87   1084   1163   1246   812   100   203   122   196   1960   379   1083   0   989   1072   918   1113   925   193   913   0   1194   921   434   306   298   419   1065   1207   1098   1030   1164   325   43   395   902   39   0   1434   1005   
624   114   848   74   13   343   1452   1188   585   338   1325   1163   1358   66   187   1573   1190   1960   337   1573   363   414   1969   192   1116   86   1436   1922   185   25   622   357   959   335   1486   68   1891   1179   413   74   612   0   325   636   650   4   410   393   74   605   1235   1432   989   0   1386   1060   203   1249   1117   1162   1502   98   1207   1020   53   1375   1159   989   812   46   0   111   1439   1474   2010   1373   613   2010   63   274   
454   13   546   308   1097   4   4   1388   988   1985   1998   1212   291   1381   1998   988   1913   1128   985   1922   643   215   445   1123   111   375   1310   84   423   187   1951   386   475   1358   1176   1943   1349   196   840   1127   74   848   0   326   923   1984   110   139   285   318   305   73   1072   1386   0   97   1386   90   454   1079   286   904   65   368   1093   15   310   914   1194   6   1126   65   1163   1201   1207   984   423   181   66   981   
37   996   628   812   355   279   12   1448   905   935   1065   1366   25   2049   121   368   991   796   316   942   1424   37   1157   1113   1396   119   37   1066   924   219   300   115   639   184   1063   611   1375   963   362   52   937   1063   1139   47   1431   1984   118   1502   941   1374   903   1028   918   1060   97   0   2031   1135   1460   624   1167   1066   1154   1124   621   236   1113   1207   1562   988   0   376   1302   1474   803   1002   1400   326   1123   624   
986   66   133   1250   119   66   91   327   1343   67   1106   1599   53   1189   1962   1431   850   1152   511   1459   1391   1399   1499   611   275   1452   1029   995   13   609   73   1560   338   1501   1197   135   4   52   460   62   63   10   0   264   993   311   1031   1516   1452   65   908   1452   1113   203   1386   2031   0   89   10   2010   629   73   0   316   324   1622   353   198   1200   1076   1352   1088   1080   1095   1063   1016   65   128   847   323   
15   0   1950   1065   347   86   228   238   1495   1246   961   39   616   212   1542   245   939   1566   329   311   1446   1028   625   407   71   352   1156   79   942   15   622   1201   1193   984   302   441   950   1097   249   2032   166   0   5   902   52   1109   978   1377   627   298   54   2019   925   1249   90   1135   89   0   997   47   1149   2026   98   1944   1458   84   637   387   546   273   1188   634   140   630   1016   1174   575   984   261   1250   
6   0   2044   970   124   1484   66   1211   1575   969   1194   1444   346   21   1407   950   1580   981   635   1213   327   1042   1176   301   1141   1136   332   434   304   1498   44   323   1071   1450   1447   1124   6   963   1144   40   1431   972   1135   423   616   423   308   313   175   242   34   329   193   1117   454   1460   10   997   0   1172   1246   1422   1922   1090   1026   3   24   27   650   319   1542   32   605   0   64   15   619   5   23   1032   
1079   110   1573   518   869   359   970   985   911   626   608   1325   35   139   944   221   440   40   1474   1569   54   1407   1460   981   47   197   331   10   346   238   0   404   921   11   1018   1451   895   1042   114   643   292   1148   245   1183   897   329   636   89   474   4   434   337   913   1162   1079   624   2010   47   1172   0   84   364   1060   1050   1198   1121   988   427   33   942   1030   1170   930   993   546   338   648   21   79   1960   
1060   1388   18   1059   1439   201   202   1173   196   1196   68   621   325   1958   342   946   88   407   904   1437   1407   295   79   13   368   114   248   7   2026   1177   379   1076   0   985   1467   935   1922   1117   351   337   1451   1991   1359   934   1962   936   893   1388   2027   410   427   0   0   1502   286   1167   629   1149   1246   84   0   84   629   1425   43   429   445   2030   30   291   647   1126   926   47   374   621   299   0   377   10   
44   1502   974   184   2035   935   84   60   15   1436   0   370   15   972   43   1191   629   622   310   21   137   274   1624   423   1411   1055   616   963   1444   798   634   1444   397   648   1250   618   970   1093   2039   28   1960   12   27   244   149   245   222   2039   1400   327   55   634   1194   98   904   1066   73   2026   1422   364   84   0   292   1348   26   197   636   644   179   1072   26   2004   481   629   47   189   386   1950   1069   625   
1637   10   1110   1936   808   1031   287   575   29   2047   939   451   30   10   291   12   123   999   418   1967   1348   1250   301   648   1349   1116   176   106   313   35   166   1987   1411   1188   1100   474   49   624   1197   73   1149   196   37   248   962   1551   1960   1624   34   1061   1018   1104   921   1207   65   1154   0   98   1922   1060   629   292   0   2011   992   27   379   111   878   72   1209   623   344   1902   937   28   1436   35   612   1913   
67   328   63   86   55   299   1570   67   962   144   353   350   302   1407   622   1416   1198   982   1149   1267   1604   1172   1922   869   190   66   2029   121   1082   613   62   1265   398   1560   2045   944   948   575   67   1011   980   619   926   335   649   976   1160   34   634   905   2011   2009   434   1020   368   1124   316   1944   1090   1050   1425   1348   2011   0   1388   15   86   133   0   465   1962   0   311   1121   1585   1194   346   316   27   637   
921   1476   1484   19   202   1464   1088   39   1985   98   343   418   368   261   915   2029   840   620   1358   88   1139   13   1430   114   60   32   988   1375   953   911   1998   1061   1210   1149   1516   333   931   618   385   34   276   644   1956   1956   10   953   2026   1011   1533   31   173   1475   306   53   1093   621   324   1458   1026   1198   43   26   992   1388   0   605   308   1100   1136   1484   1085   24   909   928   72   636   1063   3   625   1265   
308   0   1125   0   1542   1003   2010   1125   1141   360   6   76   1082   264   1197   852   1188   1325   1389   90   261   1458   1516   619   1396   970   1438   1011   368   318   77   983   635   176   158   331   51   1063   15   1388   1201   1474   2008   1021   940   649   269   930   212   925   1440   1197   298   1375   15   236   1622   84   3   1121   429   197   27   15   605   0   1073   1428   193   219   1002   1325   1202   1586   1942   991   625   12   827   469   
98   1191   9   445   1436   982   1148   635   1082   404   328   337   959   124   345   1154   806   1397   615   621   649   284   98   0   26   1119   962   1253   1998   849   1367   350   1389   1172   239   1190   1141   1349   72   284   2002   645   264   91   1325   334   1405   1139   1966   1252   137   508   419   1159   310   1113   353   637   24   988   445   636   379   86   308   1073   0   609   12   1989   902   988   18   188   79   1586   1136   270   378   60   
840   931   229   1349   1194   299   1984   1215   328   1147   1115   359   1176   2039   323   634   1349   950   347   410   1416   84   300   572   35   1115   425   418   624   154   43   21   585   1499   359   1562   330   260   1991   1388   337   991   621   1400   2013   1536   248   974   927   330   1066   959   1065   989   914   1207   198   387   27   427   2030   644   111   133   1100   1428   609   0   1212   98   404   230   640   121   34   1095   351   1213   166   936   
1539   1452   979   1475   1108   371   59   97   190   198   629   1460   1997   4   915   1164   12   989   609   1484   1148   311   341   625   87   1065   64   203   319   987   264   10   936   74   20   369   1366   1501   908   87   1089   1207   29   932   428   930   1108   980   84   1442   25   977   1207   812   1194   1562   1200   546   650   33   30   179   878   0   1136   193   12   1212   0   300   1152   1018   1218   1302   349   1029   24   2047   1136   303   
299   1064   1943   1179   1387   622   996   186   926   5   66   977   412   1152   804   1115   475   83   59   1160   184   315   1560   323   996   999   1154   986   1386   1459   1211   618   379   347   74   467   1389   419   441   1371   970   1011   148   1109   963   930   2030   1099   2018   481   260   296   1098   46   6   988   1076   273   319   942   291   1072   72   465   1484   219   1989   98   300   0   1434   586   1115   1895   1942   465   43   49   304   270   
82   1436   905   35   1362   1451   6   306   1960   973   915   128   428   648   1136   1575   343   0   1206   575   43   1179   434   1129   1073   248   1073   1187   1533   1404   1345   894   236   1252   21   2025   66   21   1147   929   94   59   427   1965   205   106   114   116   1434   26   2008   1094   1030   0   1126   0   1352   1188   1542   1030   647   26   1209   1962   1085   1002   902   404   1152   1434   0   304   932   970   77   1637   1936   110   1413   358   
1562   355   869   98   927   1013   1000   1349   22   1093   1922   1061   90   1201   59   80   1302   1432   414   1459   1018   1942   1109   188   57   1502   963   962   937   1447   319   1373   546   1135   1349   927   63   1434   581   1060   1106   632   2004   902   963   66   1573   2020   1181   139   936   368   1164   111   65   376   1088   634   32   1170   1126   2004   623   0   24   1325   988   230   1018   586   304   0   14   323   502   2035   628   980   1113   51   
963   1583   20   29   196   338   1955   1230   319   1032   1135   13   2009   1913   1452   387   173   1124   1946   1499   1372   1207   1962   44   634   65   2031   295   1227   1135   425   62   1066   87   1084   1366   196   1435   1038   980   970   1428   1148   1163   1085   6   381   166   1373   1093   893   876   325   1439   1163   1302   1080   140   605   930   926   481   344   311   909   1202   18   640   1218   1115   932   14   0   2027   586   1218   644   47   1202   589   
1110   640   66   376   1129   1147   270   1396   63   1459   37   611   1438   102   55   1486   1967   107   2028   1147   1149   113   1345   1086   0   244   40   974   1460   1315   1081   254   88   0   988   612   627   1448   1068   405   0   202   245   1118   76   649   132   1985   1136   176   1987   958   43   1474   1201   1474   1095   630   0   993   47   629   1902   1121   928   1586   188   121   1302   1895   970   323   2027   0   114   1093   622   269   414   1475   
412   931   971   967   338   176   193   992   138   360   1359   270   1444   1176   115   2030   1106   1038   357   2013   150   1624   965   19   1345   1371   34   1438   363   636   616   1372   1566   0   2025   0   1157   343   942   1127   329   329   971   1129   1396   1113   0   1583   1184   254   827   1080   395   2010   1207   803   1063   1016   64   546   374   47   937   1585   72   1942   79   34   349   1942   77   502   586   114   0   359   1073   349   1059   1016   
613   1415   190   6   56   203   1448   1064   1112   184   1437   619   837   197   800   422   192   151   309   927   971   1055   399   502   1068   10   1162   1173   325   0   1302   1397   2024   8   374   904   374   1159   48   985   977   423   1092   1624   636   261   1192   1932   1209   1139   323   635   902   1373   984   1002   1016   1174   15   338   621   189   28   1194   636   991   1586   1095   1029   465   1637   2035   1218   1093   359   0   1108   1149   274   1510   
148   1058   1083   60   117   1002   1218   1043   62   804   1053   2045   212   1018   1325   1201   1200   1202   290   1624   137   306   802   616   110   1423   34   99   1174   87   121   173   26   927   1032   1946   1476   350   76   65   338   1902   56   272   1198   49   73   1359   198   977   98   29   39   613   423   1400   65   575   619   648   299   386   1436   346   1063   625   1136   351   24   43   1936   628   644   622   1073   1108   0   244   4   1113   
269   952   953   649   2034   6   971   1059   507   201   935   118   645   1955   177   118   994   893   38   72   137   1136   1162   1102   1181   1163   846   1511   1461   1989   367   1065   1083   89   89   66   230   1148   1205   91   1420   248   222   1495   274   311   1063   0   956   229   983   585   0   2010   181   326   128   984   5   21   0   1950   35   316   3   12   270   1213   2047   49   110   980   47   269   349   1149   244   0   87   1163   
226   346   139   66   1250   477   936   159   993   135   1098   434   1128   404   48   2025   0   1141   1183   242   635   928   989   371   1184   139   79   1415   14   634   53   95   798   630   79   1400   63   1179   387   1575   145   116   292   2030   86   310   1407   1157   799   997   1133   55   1434   63   66   1123   847   261   23   79   377   1069   612   27   625   827   378   166   1136   304   1413   1113   1202   414   1059   274   4   87   0   1085   
1194   296   350   1011   644   438   1501   91   52   1176   197   1967   68   361   855   12   434   1117   342   349   983   1176   1637   1436   59   956   238   221   1091   634   300   236   949   337   1423   970   216   1097   0   1447   840   1560   1458   429   635   1362   427   197   41   1126   1117   1005   1005   274   981   624   323   1250   1032   1960   10   625   1913   637   1265   469   60   936   303   270   358   51   589   1475   1016   1510   1113   1163   1085   0   
0   0   0   846   0   0   0   0   0   924   0   1072   1   1   0   0   0   3266   406   0   38   34   0   0   0   0   0   0   0   20   0   0   0   0   1180   23   0   2   0   3550   0   0   2709   0   0   1   1   0   0   0   689   3   1962   0   0   1   0   0   0   630   0   0   1   27   1817   0   0   0   0   20   0   0   0   28   6019   1   0   0   0   6   
