70
0   4   14   1063   343   1177   196   925   52   925   87   640   327   1423   637   1131   319   368   1985   1422   979   636   1180   1080   867   315   171   1416   325   1197   51   605   1011   187   474   265   1058   21   953   337   1194   1950   637   1080   327   87   438   1212   82   586   244   992   1410   988   1249   607   1436   1207   976   351   637   335   937   34   288   1207   612   1215   74   2034   
4   0   67   325   11   203   1173   1083   1149   904   316   1367   1371   291   1202   1989   206   930   840   65   1624   1216   960   0   94   242   65   1397   1194   300   965   1128   1199   8   1133   1204   319   1114   1502   2014   310   197   0   1436   1448   88   413   804   980   276   1028   1954   1941   52   404   1436   19   1212   971   138   1895   1963   1028   41   1204   1128   198   2030   10   827   
14   67   0   1371   1179   84   1436   269   68   414   1936   60   1358   1373   1440   71   976   1163   256   649   1570   1458   924   418   65   13   429   628   95   1130   927   619   1444   1106   404   639   996   855   623   119   355   1927   1962   634   74   1199   316   1093   214   269   0   390   1011   915   1207   406   1250   967   1116   1917   15   591   893   1066   107   894   848   546   2032   67   
1063   325   1371   0   370   1127   78   189   1375   324   429   1369   1430   173   374   57   84   121   1076   967   1575   1147   15   1231   248   946   1026   375   971   196   76   24   190   407   634   619   1452   338   214   1399   192   913   171   15   74   73   1446   99   589   1032   1989   284   72   1593   1533   792   51   63   0   418   410   114   1357   849   60   181   361   68   72   323   
343   11   1179   370   0   609   1357   847   361   99   300   1099   1960   497   115   1085   22   962   1922   146   1957   1253   1987   1110   328   184   1176   1962   1092   325   632   1202   1459   1423   2020   184   1420   1106   85   88   72   635   1124   971   1458   1942   124   618   945   1173   91   968   936   0   410   644   935   948   1961   978   946   44   367   285   0   107   812   1416   336   1213   
1177   203   84   1127   609   0   1018   14   448   342   1971   248   607   440   1218   66   116   111   976   335   985   311   624   49   29   1159   300   483   88   351   357   196   1411   1904   1127   1028   62   296   1128   1400   1417   67   1954   15   8   1105   65   1248   87   244   1147   445   159   941   632   968   599   1484   1895   47   121   115   1152   205   139   413   361   1966   0   190   
196   1173   1436   78   1357   1018   0   388   625   1925   440   74   18   0   189   897   1003   0   939   1444   89   1038   1011   346   1498   2019   1250   1381   202   350   37   79   3   57   893   964   2031   606   1108   8   323   1201   27   1102   214   141   35   1095   25   303   625   328   12   1213   873   351   1123   84   346   15   50   605   2031   198   942   981   1100   935   341   1108   
925   1083   269   189   847   14   388   0   302   624   960   280   62   0   48   1141   1431   1318   203   1136   201   281   1136   1536   405   1149   68   1231   70   0   341   1539   1158   173   980   1170   624   98   986   0   151   1359   3   1420   361   1094   1971   114   802   911   99   645   22   1498   31   2020   1172   32   1922   1194   1399   214   1152   980   18   51   1160   72   935   1202   
52   1149   68   1375   361   448   625   302   0   162   1176   387   840   1491   27   1183   910   915   624   89   299   248   1212   1384   586   1359   646   272   211   1110   1128   370   88   1932   971   847   0   973   1141   1112   927   969   72   187   311   215   1072   274   21   978   1364   84   806   429   98   609   0   279   351   67   1148   35   88   971   214   995   1464   586   465   625   
925   904   414   324   99   342   1925   624   162   0   429   274   382   1177   1250   21   1152   647   201   37   1028   474   921   637   419   1388   79   1157   1459   1483   244   374   84   904   354   1562   79   11   897   837   475   10   616   1115   1422   193   1080   1459   1458   1   169   477   1422   190   236   1923   306   1100   413   135   249   993   1991   203   1065   1133   8   1109   620   297   
87   316   1936   429   300   1971   440   960   1176   429   0   1073   1375   10   19   25   1194   106   1374   934   580   291   992   1944   193   1459   1126   1248   625   893   117   1386   1358   1904   793   273   448   1212   427   1434   1018   332   327   306   1437   50   288   1060   88   804   88   189   1450   0   369   644   176   72   1459   1117   1573   964   239   27   1148   1539   50   1197   1345   422   
640   1367   60   1369   1099   248   74   280   387   274   1073   0   176   479   1459   992   975   2010   1891   235   173   379   69   469   612   1115   1169   1111   196   1475   1913   629   308   25   1450   1440   2024   1063   972   73   1004   173   1108   0   37   625   88   602   606   1516   406   635   31   1923   330   443   1114   173   71   1053   1109   961   1342   572   13   94   1028   1397   2031   450   
327   1371   1358   1430   1960   607   18   62   840   382   1375   176   0   1946   66   166   40   1449   1104   804   1026   44   296   308   39   1498   43   445   1130   187   1106   49   13   347   290   65   1120   12   1932   1227   280   238   197   349   327   1207   44   423   1425   448   355   1148   1197   74   97   202   1011   1186   2013   993   437   983   59   1092   8   242   1451   1158   1342   1593   
1423   291   1373   173   497   440   0   0   1491   1177   10   479   1946   0   945   1130   645   1020   904   363   126   586   87   1325   1162   1301   1895   1136   1925   1434   65   159   15   626   1381   1183   1188   60   1169   362   1115   206   950   26   616   937   197   997   1364   649   904   186   635   1386   119   176   612   1196   418   908   1975   20   84   78   6   354   448   1164   124   44   
637   1202   1440   374   115   1218   189   48   27   1250   19   1459   66   945   0   2013   66   264   1405   969   1031   1032   1089   0   393   304   1109   1098   99   2008   1460   1367   610   7   1047   74   418   127   983   967   298   970   1035   1198   2031   223   39   928   628   397   407   1000   1003   973   1129   1108   1028   970   1464   1984   629   334   336   1061   445   67   1029   274   326   404   
1131   1989   71   57   1085   66   897   1141   1183   21   25   992   166   1130   2013   0   203   988   298   1173   1180   1011   474   68   70   1902   0   447   319   572   1197   49   1448   928   68   10   1410   410   1194   1192   1358   1372   86   72   343   386   342   1159   327   197   193   463   630   1510   1430   91   1359   950   1436   911   895   1924   91   1212   1020   619   106   15   1396   22   
319   206   976   84   22   116   1003   1431   910   1152   1194   975   40   645   66   203   0   387   629   1227   1209   2045   15   53   1483   970   804   40   927   323   1533   212   296   1188   78   792   976   2049   327   635   1452   636   261   1096   440   1093   634   197   435   29   121   1   132   995   1253   13   327   189   328   189   121   331   930   1174   869   78   196   94   1072   1447   
368   930   1163   121   962   111   0   1318   915   647   106   2010   1449   1020   264   988   387   0   1179   620   330   996   6   370   77   1388   179   621   629   1511   59   1396   303   579   0   1095   1165   0   1029   429   1121   1080   2004   434   1404   1064   1073   1498   634   79   228   87   1197   616   49   634   928   1086   1028   289   1160   944   42   173   586   269   40   187   1960   1459   
1985   840   256   1076   1922   976   939   203   624   201   1374   1891   1104   904   1405   298   629   1179   0   605   1425   904   1126   295   1111   419   194   1248   1497   215   1932   1359   31   1059   1068   64   300   985   1163   1318   68   1345   311   619   274   617   344   90   5   365   1141   139   1139   1209   351   21   443   0   894   4   34   189   967   1190   305   198   1104   1932   103   1071   
1422   65   649   967   146   335   1444   1136   89   37   934   235   804   363   969   1173   1227   620   605   0   35   619   507   1185   1065   1612   274   1160   1358   1147   1011   335   1542   880   1177   993   1172   1498   1169   1065   386   84   936   197   379   586   625   616   800   1513   634   628   66   1227   1185   223   193   292   395   1513   12   1985   467   236   1348   2024   1373   1199   1988   1250   
979   1624   1570   1575   1957   985   89   201   299   1028   580   173   1026   126   1031   1180   1209   330   1425   35   0   978   25   1966   1123   300   1237   613   219   1062   137   926   73   1109   308   215   378   1013   2018   11   1384   418   1216   351   1437   190   1357   1560   1160   927   68   367   1060   35   338   192   1942   413   230   625   351   359   344   1035   1456   875   244   2045   264   2015   
636   1216   1458   1147   1253   311   1038   281   248   474   291   379   44   586   1032   1011   2045   996   904   619   978   0   507   1154   47   406   1028   260   1032   1204   502   215   1464   386   94   20   285   591   1181   347   2000   306   1146   985   0   950   611   310   315   1117   110   1124   1267   62   635   1028   303   1459   325   1199   235   352   910   435   308   1201   1112   1539   623   192   
1180   960   924   15   1987   624   1011   1136   1212   921   992   69   296   87   1089   474   15   6   1126   507   25   507   0   1218   179   1381   386   55   337   4   34   236   640   427   1080   187   1162   1127   315   369   203   1975   2014   1446   646   361   317   54   618   935   125   137   414   198   792   1021   334   387   474   963   978   1513   1434   87   633   67   1158   48   180   1157   
1080   0   418   1231   1110   49   346   1536   1384   637   1944   469   308   1325   0   68   53   370   295   1185   1966   1154   1218   0   0   423   1991   1944   2012   0   621   597   278   363   1163   303   1163   585   1169   51   971   1143   87   273   636   996   60   299   3   949   1147   636   35   1123   1114   219   90   609   1115   126   353   64   98   1966   989   349   215   1117   1348   1250   
867   94   65   248   328   29   1498   405   586   419   193   612   39   1162   393   70   1483   77   1111   1065   1123   47   179   0   0   1374   35   1115   1156   397   907   1218   1023   300   618   1188   24   1163   41   1173   346   184   156   68   1109   1958   361   1118   974   30   13   187   902   325   1147   806   350   315   368   146   27   4   187   1941   14   18   1141   1536   1128   1183   
315   242   13   946   184   1159   2019   1149   1359   1388   1459   1115   1498   1301   304   1902   970   1388   419   1612   300   406   1381   423   1374   0   381   1381   975   1391   1445   111   2002   1349   971   1237   618   1125   1578   254   126   914   1895   1311   419   1958   1038   1352   1176   1891   343   261   14   321   1400   1371   1901   1094   875   949   0   139   365   13   960   481   586   387   936   197   
171   65   429   1026   1176   300   1250   68   646   79   1126   1169   43   1895   1109   0   804   179   194   274   1237   1028   386   1991   35   381   0   223   479   76   970   154   876   2049   371   53   20   325   474   437   803   2025   1925   1212   1030   625   1450   1357   5   1377   1100   1160   132   190   360   1367   1439   956   236   840   304   389   8   308   1357   404   1410   110   219   1516   
1416   1397   628   375   1962   483   1381   1231   272   1157   1248   1111   445   1136   1098   447   40   621   1248   1160   613   260   55   1944   1115   1381   223   0   212   1358   1194   454   1450   980   960   1194   893   24   140   27   133   2026   8   1003   406   2024   637   67   1109   1248   299   60   927   1193   1158   1956   582   1459   349   248   306   949   1946   1895   328   635   2034   265   1227   1963   
325   1194   95   971   1092   88   202   70   211   1459   625   196   1130   1925   99   319   927   629   1497   1358   219   1032   337   2012   1156   975   479   212   0   27   363   1061   18   1925   1165   1978   68   55   1435   329   429   1249   1413   38   575   84   274   328   1110   970   974   1041   1120   1029   6   86   1149   979   414   2049   29   629   1399   1536   1172   445   172   1199   635   19   
1197   300   1130   196   325   351   350   0   1110   1483   893   1475   187   1434   2008   572   323   1511   215   1147   1062   1204   4   0   397   1391   76   1358   27   0   1459   354   1000   963   808   1030   219   368   1302   261   343   1112   172   897   1254   1960   1115   1192   303   1991   1179   386   1364   1250   618   936   1113   300   0   40   404   2008   873   935   111   230   53   1124   649   114   
51   965   927   76   632   357   37   341   1128   244   117   1913   1106   65   1460   1197   1533   59   1932   1011   137   502   34   621   907   1445   970   1194   363   1459   0   997   935   35   451   1050   1998   139   1411   10   1436   1050   1160   0   583   928   984   1117   2028   1436   49   194   66   1210   438   1250   1624   1384   1250   158   422   1573   1159   2024   1094   1187   44   2025   636   66   
605   1128   619   24   1202   196   79   1539   370   374   1386   629   49   159   1367   49   212   1396   1359   335   926   215   236   597   1218   111   154   454   1061   354   997   0   967   296   387   1074   41   903   0   1966   1165   946   2025   352   1435   1197   1267   900   1093   1082   1984   623   1065   935   599   1092   43   336   343   1369   335   66   1416   12   286   145   144   1397   977   121   
1011   1199   1444   190   1459   1411   3   1158   88   84   1358   308   13   15   610   1448   296   303   31   1542   73   1464   640   278   1023   2002   876   1450   18   1000   935   967   0   1104   52   67   1498   1416   226   270   300   40   1923   350   619   1043   2029   334   1301   1448   344   980   1344   274   261   1367   40   837   351   66   923   992   913   456   8   1510   1998   443   1011   1016   
187   8   1106   407   1423   1904   57   173   1932   904   1904   25   347   626   7   928   1188   579   1059   880   1109   386   427   363   300   1349   2049   980   1925   963   35   296   1104   0   953   645   1407   440   406   973   1117   355   412   152   336   86   6   34   1194   581   98   625   434   1301   1066   21   111   1183   586   315   974   1958   21   73   1148   978   1437   189   904   111   
474   1133   404   634   2020   1127   893   980   971   354   793   1450   290   1381   1047   68   78   0   1068   1177   308   94   1080   1163   618   971   371   960   1165   808   451   387   52   953   0   644   361   242   116   995   13   343   317   166   343   1106   343   1144   13   1381   1932   0   1013   311   416   6   1357   53   840   803   450   1372   932   215   881   904   87   335   1424   610   
265   1204   639   619   184   1028   964   1170   847   1562   273   1440   65   1183   74   10   792   1095   64   993   215   20   187   303   1188   1237   53   1194   1978   1030   1050   1074   67   645   644   0   1104   930   298   1483   389   546   1428   921   1483   418   299   20   8   1416   12   332   804   1113   363   94   1148   1325   352   4   585   357   196   1105   1059   13   50   1315   196   362   
1058   319   996   1452   1420   62   2031   624   0   79   448   2024   1120   1188   418   1410   976   1165   300   1172   378   285   1162   1163   24   618   20   893   68   219   1998   41   1498   1407   361   1104   0   1059   1157   1003   2028   1164   1092   327   1637   1018   12   204   1479   934   1925   1197   1484   1484   1148   0   393   1583   0   959   635   66   1372   1349   1624   635   65   878   1343   376   
21   1114   855   338   1106   296   606   98   973   11   1212   1063   12   60   127   410   2049   0   985   1498   1013   591   1127   585   1163   1125   325   24   55   368   139   903   1416   440   242   930   1059   0   1159   419   154   55   89   582   80   1404   970   376   1133   1998   1059   350   47   351   1932   632   1105   638   351   1345   4   1136   929   242   315   399   629   2026   350   1095   
953   1502   623   214   85   1128   1108   986   1141   897   427   972   1932   1169   983   1194   327   1029   1163   1169   2018   1181   315   1169   41   1578   474   140   1435   1302   1411   0   226   406   116   298   1157   1159   0   244   139   43   1122   1149   261   173   90   624   2012   141   468   1149   35   38   1092   361   610   881   51   133   649   799   67   1495   185   993   72   103   1364   321   
337   2014   119   1399   88   1400   8   0   1112   837   1434   73   1227   362   967   1192   635   429   1318   1065   11   347   369   51   1173   254   437   27   329   261   10   1966   270   973   995   1483   1003   419   244   0   323   132   1922   1151   0   1035   1148   67   985   315   970   187   1397   65   1109   1095   1942   1357   1109   34   474   132   4   193   181   925   1218   980   624   404   
1194   310   355   192   72   1417   323   151   927   475   1018   1004   280   1115   298   1358   1452   1121   68   386   1384   2000   203   971   346   126   803   133   429   343   1436   1165   300   1117   13   389   2028   154   139   323   0   869   1501   1437   1384   963   300   1917   982   1575   960   1159   921   290   17   1551   87   613   445   43   502   187   1497   405   1135   1108   618   2030   1144   66   
1950   197   1927   913   635   67   1201   1359   969   10   332   173   238   206   970   1372   636   1080   1345   84   418   306   1975   1143   184   914   2025   2026   1249   1112   1050   946   40   355   343   546   1164   55   43   132   869   0   591   987   637   1201   909   49   1545   1250   116   971   6   121   1436   51   352   1093   1960   649   49   1113   629   1397   79   60   353   635   188   904   
637   0   1962   171   1124   1954   27   3   72   616   327   1108   197   950   1035   86   261   2004   311   936   1216   1146   2014   87   156   1895   1925   8   1413   172   1160   2025   1923   412   317   1428   1092   89   1122   1922   1501   591   0   991   1201   840   102   621   198   48   203   98   633   311   1207   798   1420   357   927   111   216   0   21   51   1502   1388   429   978   10   2034   
1080   1436   634   15   971   15   1102   1420   187   1115   306   0   349   26   1198   72   1096   434   619   197   351   985   1446   273   68   1311   1212   1003   38   897   0   352   350   152   166   921   327   582   1149   1151   1437   987   991   0   800   35   1575   840   1954   427   37   1944   1381   107   310   429   1906   387   345   1475   1474   88   35   936   1439   907   1005   0   1956   44   
327   1448   74   74   1458   8   214   361   311   1422   1437   37   327   616   2031   343   440   1404   274   379   1437   0   646   636   1109   419   1030   406   575   1254   583   1435   619   336   343   1483   1637   80   261   0   1384   637   1201   800   0   34   622   1423   1447   0   1966   497   479   913   355   1059   126   4   1978   904   1005   89   1123   3   100   1362   1891   1965   62   1174   
87   88   1199   73   1942   1105   141   1094   215   193   50   625   1207   937   223   386   1093   1064   617   586   190   950   361   996   1958   1958   625   2024   84   1960   928   1197   1043   86   1106   418   1018   1404   173   1035   963   1201   840   35   34   0   349   1438   12   115   609   416   326   1998   1128   8   393   215   1901   1182   76   300   55   1250   1476   1196   1438   1068   1516   1302   
438   413   316   1446   124   65   35   1971   1072   1080   288   88   44   197   39   342   634   1073   344   625   1357   611   317   60   361   1038   1450   637   274   1115   984   1267   2029   6   343   299   12   970   90   1148   300   909   102   1575   622   349   0   89   62   972   418   387   993   1423   1110   193   361   479   1497   1065   644   644   800   980   1115   1902   29   350   2000   1094   
1212   804   1093   99   618   1248   1095   114   274   1459   1060   602   423   997   928   1159   197   1498   90   616   1560   310   54   299   1118   1352   1357   67   328   1192   1117   900   334   34   1144   20   204   376   624   67   1917   49   621   840   1423   1438   89   0   275   47   374   1436   379   21   132   35   189   394   26   326   650   931   1461   1267   1123   1093   1436   1207   972   1961   
82   980   214   589   945   87   25   802   21   1458   88   606   1425   1364   628   327   435   634   5   800   1160   315   618   3   974   1176   5   1109   1110   303   2028   1093   1301   1194   13   8   1479   1133   2012   985   982   1545   198   1954   1447   12   62   275   0   1126   625   1386   508   1408   1539   1539   1120   1094   632   114   1031   376   1061   1936   166   1417   971   128   1117   0   
586   276   269   1032   1173   244   303   911   978   1   804   1516   448   649   397   197   29   79   365   1513   927   1117   935   949   30   1891   1377   1248   970   1991   1436   1082   1448   581   1381   1416   934   1998   141   315   1575   1250   48   427   0   115   972   47   1126   0   1386   621   1141   274   1423   67   1194   226   1117   1032   1451   2029   1188   800   1580   991   616   909   983   1179   
244   1028   0   1989   91   1147   625   99   1364   169   88   406   355   904   407   193   121   228   1141   634   68   110   125   1147   13   343   1100   299   974   1179   49   1984   344   98   1932   12   1925   1059   468   970   960   116   203   37   1966   609   418   374   625   1386   0   1356   87   1060   1146   1115   318   636   1065   29   1188   387   52   49   190   1127   318   2024   988   215   
992   1954   390   284   968   445   328   645   84   477   189   635   1148   186   1000   463   1   87   139   628   367   1124   137   636   187   261   1160   60   1041   386   194   623   980   625   0   332   1197   350   1149   187   1159   971   98   1944   497   416   387   1436   1386   621   1356   0   1028   803   1132   341   451   913   1325   1119   1447   968   625   1560   1539   298   1204   172   299   77   
1410   1941   1011   72   936   159   12   22   806   1422   1450   31   1197   635   1003   630   132   1197   1139   66   1060   1267   414   35   902   14   132   927   1120   1364   66   1065   1344   434   1013   804   1484   47   35   1397   921   6   633   1381   479   326   993   379   508   1141   87   1028   0   91   90   87   1029   14   335   1194   261   397   1141   908   646   995   941   345   1201   1423   
988   52   915   1593   0   941   1213   1498   429   190   0   1923   74   1386   973   1510   995   616   1209   1227   35   62   198   1123   325   321   190   1193   1029   1250   1210   935   274   1301   311   1113   1484   351   38   65   290   121   311   107   913   1998   1423   21   1408   274   1060   803   91   0   25   1212   1586   646   41   301   342   154   11   244   1435   37   979   216   1146   1097   
1249   404   1207   1533   410   632   873   31   98   236   369   330   97   119   1129   1430   1253   49   351   1185   338   635   792   1114   1147   1400   360   1158   6   618   438   599   261   1066   416   363   1148   1932   1092   1109   17   1436   1207   310   355   1128   1110   132   1539   1423   1146   1132   90   25   0   189   1176   1349   299   196   309   2010   1117   308   52   1230   1891   9   648   467   
607   1436   406   792   644   968   351   2020   609   1923   644   443   202   176   1108   91   13   634   21   223   192   1028   1021   219   806   1371   1367   1956   86   936   1250   1092   1367   21   6   94   0   632   361   1095   1551   51   798   429   1059   8   193   35   1539   67   1115   341   87   1212   189   0   331   368   2045   1437   72   41   1539   0   261   2002   1038   643   44   2008   
1436   19   1250   51   935   599   1123   1172   0   306   176   1114   1011   612   1028   1359   327   928   443   193   1942   303   334   90   350   1901   1439   582   1149   1113   1624   43   40   111   1357   1148   393   1105   610   1942   87   352   1420   1906   126   393   361   189   1120   1194   318   451   1029   1586   1176   331   0   575   938   989   5   1060   361   808   2012   929   427   317   950   32   
1207   1212   967   63   948   1484   84   32   279   1100   72   173   1186   1196   970   950   189   1086   0   292   413   1459   387   609   315   1094   956   1459   979   300   1384   336   837   1183   53   1325   1583   638   881   1357   613   1093   357   387   4   215   479   394   1094   226   636   913   14   646   1349   368   575   0   941   1978   2029   88   1250   1207   1147   1007   338   592   1115   1459   
976   971   1116   0   1961   1895   346   1922   351   413   1459   71   2013   418   1464   1436   328   1028   894   395   230   325   474   1115   368   875   236   349   414   0   1250   343   351   586   840   352   0   351   51   1109   445   1960   927   345   1978   1901   1497   26   632   1117   1065   1325   335   41   299   2045   938   941   0   53   1136   385   1560   1425   41   198   1248   1951   1160   1357   
351   138   1917   418   978   47   15   1194   67   135   1117   1053   993   908   1984   911   189   289   4   1513   625   1199   963   126   146   949   840   248   2049   40   158   1369   66   315   803   4   959   1345   133   34   43   649   111   1475   904   1182   1065   326   114   1032   29   1119   1194   301   196   1437   989   1978   53   0   1998   645   1215   616   1357   1954   634   1960   166   1560   
637   1895   15   410   946   121   50   1399   1148   249   1573   1109   437   1975   629   895   121   1160   34   12   351   235   978   353   27   0   304   306   29   404   422   335   923   974   450   585   635   4   649   474   502   49   216   1474   1005   76   644   650   1031   1451   1188   1447   261   342   309   72   5   2029   1136   1998   0   333   25   7   605   34   1206   904   1250   978   
335   1963   591   114   44   115   605   214   35   993   964   961   983   20   334   1924   331   944   189   1985   359   352   1513   64   4   139   389   949   629   2008   1573   66   992   1958   1372   357   66   1136   799   132   187   1113   0   88   89   300   644   931   376   2029   387   968   397   154   2010   41   1060   88   385   645   333   0   803   64   85   346   1405   173   154   370   
937   1028   893   1357   367   1152   2031   1152   88   1991   239   1342   59   84   336   91   930   42   967   467   344   910   1434   98   187   365   8   1946   1399   873   1159   1416   913   21   932   196   1372   929   67   4   1497   629   21   35   1123   55   800   1461   1061   1188   52   625   1141   11   1117   1539   361   1250   1560   1215   25   803   0   1038   976   630   389   902   405   1061   
34   41   1066   849   285   205   198   980   971   203   27   572   1092   78   1061   1212   1174   173   1190   236   1035   435   87   1966   1941   13   308   1895   1536   935   2024   12   456   73   215   1105   1349   242   1495   193   405   1397   51   936   3   1250   980   1267   1936   800   49   1560   908   244   308   0   808   1207   1425   616   7   64   1038   0   908   1902   1136   41   166   72   
288   1204   107   60   0   139   942   18   214   1065   1148   13   8   6   445   1020   869   586   305   1348   1456   308   633   989   14   960   1357   328   1172   111   1094   286   8   1148   881   1059   1624   315   185   181   1135   79   1502   1439   100   1476   1115   1123   166   1580   190   1539   646   1435   52   261   2012   1147   41   1357   605   85   976   908   0   378   76   32   111   62   
1207   1128   894   181   107   413   981   51   995   1133   1539   94   242   354   67   619   78   269   198   2024   875   1201   67   349   18   481   404   635   445   230   1187   145   1510   978   904   13   635   399   993   925   1108   60   1388   907   1362   1196   1902   1093   1417   991   1127   298   995   37   1230   2002   929   1007   198   1954   34   346   630   1902   378   0   1163   930   2049   798   
612   198   848   361   812   361   1100   1160   1464   8   50   1028   1451   448   1029   106   196   40   1104   1373   244   1112   1158   215   1141   586   1410   2034   172   53   44   144   1998   1437   87   50   65   629   72   1218   618   353   429   1005   1891   1438   29   1436   971   616   318   1204   941   979   1891   1038   427   338   1248   634   1206   1405   389   1136   76   1163   0   628   242   913   
1215   2030   546   68   1416   1966   935   72   586   1109   1197   1397   1158   1164   274   15   94   187   1932   1199   2045   1539   48   1117   1536   387   110   265   1199   1124   2025   1397   443   189   335   1315   878   2026   103   980   2030   635   978   0   1965   1068   350   1207   128   909   2024   172   345   216   9   643   317   592   1951   1960   904   173   902   41   32   930   628   0   1205   1535   
74   10   2032   72   336   0   341   935   465   620   1345   2031   1342   124   326   1396   1072   1960   103   1988   264   623   180   1348   1128   936   219   1227   635   649   636   977   1011   904   1424   196   1343   350   1364   624   1144   188   10   1956   62   1516   2000   972   1117   983   988   299   1201   1146   648   44   950   1115   1160   166   1250   154   405   166   111   2049   242   1205   0   1967   
2034   827   67   323   1213   190   1108   1202   625   297   422   450   1593   44   404   22   1447   1459   1071   1250   2015   192   1157   1250   1183   197   1516   1963   19   114   66   121   1016   111   610   362   376   1095   321   404   66   904   2034   44   1174   1302   1094   1961   0   1179   215   77   1423   1097   467   2008   32   1459   1357   1560   978   370   1061   72   62   798   913   1535   1967   0   
0   2451   0   3757   0   0   0   0   5373   0   0   1   0   1   0   0   2   1   0   0   0   0   0   1   0   11   6010   0   5818   0   0   0   0   0   49   4321   0   5   0   804   957   0   0   0   0   672   1258   0   170   3   0   0   0   37   0   0   0   2930   597   0   0   0   5313   16   3   0   0   13   1   0   
780   0   0   361   29   165   0   0   0   0   0   0   0   0   0   0   0   1   0   0   0   9   793   0   2407   7804   913   0   0   7116   0   0   0   27   10   7   16   27   2693   0   25   5230   0   293   52   133   33   2   4   0   3429   0   27   2391   0   5   232   0   0   0   237   0   0   0   7   7   2   0   0   0   
0   0   0   0   0   5   293   0   10   0   0   11   1045   0   0   2   597   190   1   4303   0   0   0   0   1710   1   54   450   0   458   0   0   0   112   0   0   0   1   2461   3547   160   0   0   0   0   4272   0   4   0   0   0   1   3   0   2930   0   1   37   6   0   0   13   0   1   0   0   0   0   6   31   
0   661   448   0   282   0   0   1053   10   1592   0   1356   4582   0   6428   2398   0   0   0   0   4   40   0   438   10   59   0   0   0   0   0   0   1966   0   59   1   139   0   0   0   0   0   1   0   0   0   7   0   239   0   0   0   0   69   2887   3706   0   0   0   0   202   0   7   2   257   25   53   10   0   328   
513   0   0   7534   0   21   0   0   3   1   25   4   0   0   1   0   6600   0   1   210   0   0   16   185   2184   0   0   0   1028   5818   39   63   1416   1   0   0   0   112   0   0   86   830   5   0   11   0   4785   1641   0   4367   97   0   565   0   3   0   0   22   0   0   0   0   52   1   0   0   16   74   0   23   
0   52   0   1   0   0   0   0   0   227   7   10   9   0   432   430   1256   2   0   3   29   449   0   0   666   1   25   0   0   0   1   0   0   0   81   0   0   6   972   109   0   301   0   0   27   4   3   592   36   0   40   2   0   0   39   1828   5478   1   237   0   0   0   0   1151   0   645   0   0   0   0   
2   2   0   1000   0   2   0   472   0   159   152   6   0   0   0   14   0   0   4   0   0   0   1346   36   15   0   0   0   0   0   1   39   6864   6   0   6110   3   0   0   2173   1   4336   18   2354   0   0   0   15   0   1   20   101   357   1   0   1   47   0   36   0   0   0   3   2   253   0   0   2055   0   182   
0   0   0   0   5320   5   0   0   0   0   793   10   0   0   2   0   0   133   0   0   0   19   0   0   0   0   575   0   19   0   0   2   0   0   0   0   0   0   15   0   0   2202   155   4518   0   400   7   319   24   0   0   0   108   0   0   0   0   11   0   0   6   0   0   4   38   4200   0   1926   50   63   
0   61   0   524   5372   0   0   1   0   0   31   76   0   38   1979   14   380   8   0   553   0   0   0   0   0   3074   3868   0   0   185   0   282   4556   1   0   0   0   534   4   0   0   0   0   0   0   0   24   0   0   4543   1859   0   0   0   214   0   0   1   0   0   1   0   0   0   0   61   75   0   0   0   
2184   0   5   1295   2520   222   0   2407   0   0   0   252   4953   0   3025   13   233   1   0   1   0   49   40   0   0   0   0   14   137   0   1   665   0   5   3   1   0   28   14   2   8   0   0   0   15   1   1   5104   11   5   2   0   0   1966   0   512   0   0   645   54   92   10   5   0   925   10   0   0   24   0   
1522   0   0   0   0   0   33   30   0   0   0   937   0   0   232   0   957   0   0   23   0   6   0   0   0   5104   1   0   20   0   2994   951   1045   0   0   0   58   0   119   0   0   1   3959   0   601   0   3   0   4556   0   0   3   0   0   0   0   0   0   26   1   474   6110   354   194   0   0   0   0   190   203   
665   229   1759   1603   0   0   0   0   1   0   2428   0   0   0   0   0   0   0   1   544   0   509   0   1   0   0   0   11   0   361   0   5   70   0   0   0   5592   0   2395   57   0   167   0   0   1   39   83   0   0   366   1601   0   0   0   2712   12   27   0   2   3   0   403   3   311   0   4104   0   0   0   0   
5   519   3   0   0   0   0   0   0   1   0   0   0   1   430   254   0   0   1   113   908   34   0   0   0   0   0   31   2257   0   2382   0   26   0   0   0   36   5   5632   0   0   1   5230   2875   0   0   0   0   0   0   51   0   71   0   779   0   3   105   0   10   0   0   11   0   0   0   0   0   0   69   
0   31   0   35   3636   8   0   0   0   0   0   0   0   0   0   2257   0   3789   4939   896   0   909   0   2   17   2722   8   223   159   0   913   0   0   1059   0   14   0   2   0   348   524   0   28   0   1   17   5230   766   9   4303   82   769   0   0   3547   0   0   0   4   0   1125   353   0   0   2   0   0   0   4785   11   
0   0   7   113   0   0   0   0   0   1256   0   0   0   0   0   0   598   0   0   73   4   0   0   0   0   0   0   1   1   0   0   0   0   3550   6477   0   15   0   0   2   0   0   0   0   0   8   0   0   435   0   0   37   1278   0   0   175   0   0   158   0   0   1   0   0   31   301   0   0   0   0   
0   1   0   0   0   73   1   6   4   0   1   0   46   0   4   0   0   37   0   0   0   0   0   0   19   689   0   0   1   0   188   0   143   0   0   0   0   202   0   0   0   0   0   1926   0   41   0   0   242   0   1   4   0   0   1   229   2202   28   0   2   3085   0   8   0   0   1   0   0   8   1102   
0   0   0   0   0   1522   245   32   0   1258   0   123   0   2   0   0   0   0   5   1   4148   0   2   0   2984   822   0   0   0   328   0   5765   6   88   0   119   0   0   3111   0   139   0   2   38   0   3   0   5230   0   0   0   2230   5   7701   0   4295   242   448   9   3   3257   0   2940   0   0   0   0   0   24   1   
0   0   69   0   3   662   1   0   2   2   216   0   3590   0   52   0   0   0   17   0   1   0   0   141   19   0   0   0   0   0   593   63   0   4171   0   0   0   0   0   0   0   0   19   27   0   56   400   0   2199   0   0   0   0   1   0   59   0   4482   7   0   1000   0   0   167   0   0   0   0   0   137   
3523   0   254   0   19   0   1   10   0   0   6958   0   0   0   415   2645   1844   0   0   0   26   5   73   7315   7   0   0   1   86   0   1   3074   459   64   0   0   0   29   6   726   0   5   386   1   252   0   0   0   0   1   0   0   0   0   1   0   0   0   0   0   0   0   0   0   0   0   0   1   1699   1460   
0   0   9   0   0   0   0   20   0   0   7041   0   0   387   1   7202   0   0   1503   0   0   0   29   1   40   805   75   36   46   2781   3   0   2770   0   0   0   0   0   0   0   41   0   31   0   0   2546   1   0   0   0   11   450   598   0   1   0   0   44   0   0   357   0   0   0   1339   0   0   4272   2   1   
0   0   0   0   0   0   7   1   0   0   0   1   1   0   697   0   90   0   0   1   0   0   513   0   0   160   1   1   0   0   0   1849   0   1   70   0   1   0   0   3590   0   0   9   0   601   6   3770   1   1179   0   0   52   2   234   700   0   0   33   0   0   1   0   0   0   6280   387   6   69   2585   0   
0   6131   0   5   0   7528   0   15   0   6   0   622   0   0   1   1   0   0   0   10   90   0   29   0   27   0   0   3036   1   100   0   0   3781   0   2407   7795   0   8   0   0   6   3985   0   0   0   9   10   50   0   172   0   0   7360   0   0   0   80   0   28   0   544   0   380   0   0   0   0   0   3   0   
3056   1   0   52   17   0   4   0   0   0   0   1963   0   13   2   0   3   73   0   0   0   5   0   130   0   0   2501   3570   804   2451   620   0   11   8   1   0   17   7   0   0   0   1125   0   0   0   0   0   0   388   52   1094   0   0   108   3706   15   0   76   49   1295   4543   3   1   0   46   0   0   35   0   95   
0   0   0   4647   0   1   0   4   0   6   0   0   0   4   0   0   1   0   5   11   0   0   8   0   0   0   5   0   0   0   0   0   2   0   6   0   0   185   0   0   0   0   0   3394   17   0   0   370   846   60   2781   0   0   0   27   29   0   0   524   0   0   0   214   0   0   2875   0   0   0   3025   
0   470   7   2357   169   0   3959   3   0   0   37   0   1   9   0   0   380   6   2199   613   0   0   0   0   0   0   0   0   11   0   4   0   0   0   0   5   0   190   0   0   4   0   0   10   1   38   3   636   28   0   4295   622   0   5818   29   131   1458   0   0   210   1226   0   622   27   7   0   79   0   128   0   
0   0   245   4   0   0   0   0   0   0   19   0   0   0   0   237   3   65   0   565   275   0   642   0   172   0   0   1866   0   59   0   0   28   1   0   0   1641   0   168   0   0   6351   8   75   0   38   7   0   1   1   0   6   1013   408   0   0   0   0   0   0   0   0   2   26   4   1   0   0   7528   0   
5   0   0   0   0   0   0   0   0   0   0   2709   52   0   0   0   0   0   8   8   0   43   0   5   7   0   0   0   0   81   0   1   0   0   177   0   7795   392   49   0   0   0   18   0   146   0   0   0   0   5877   0   0   5   6   1261   0   5937   0   8   0   0   0   0   0   0   197   0   0   0   366   
0   0   0   0   0   5230   0   0   0   519   2173   4543   0   0   0   0   0   36   9   0   0   0   0   1   6864   524   0   0   5765   5   0   7592   0   0   4   1   0   0   0   83   0   65   0   1278   0   0   0   301   0   0   0   257   0   0   5   4060   0   23   0   0   0   0   0   8   0   0   0   35   1   0   
0   0   1103   0   0   0   5478   125   0   0   0   0   0   178   0   0   0   0   3770   1   0   1215   6   0   36   6   1   1   0   1226   896   0   0   159   23   5   3160   3570   29   0   0   0   0   0   415   0   1   0   185   0   26   0   36   0   2   4   0   0   0   0   0   0   0   0   0   2   0   0   0   907   
0   921   11   0   1   0   0   0   0   0   3111   0   0   0   0   0   3550   0   0   0   37   0   1   0   139   194   0   6987   0   0   0   3   37   3   0   0   29   1   1   0   0   0   3   14   0   1   524   2   0   5   1   2501   1859   0   1641   0   0   0   0   2   0   0   0   1   2   0   0   0   1446   0   
