90
0   1128   1449   1392   1176   49   126   1110   349   635   1444   849   927   1961   479   386   1100   1161   2019   1449   875   649   158   1467   1408   1185   1424   361   1210   169   1498   989   1167   354   1167   1157   1212   1108   915   1479   43   349   1190   235   632   63   2000   1110   624   25   1029   1400   368   2024   443   13   37   255   2024   1188   1065   1031   930   1387   383   1028   244   944   32   1031   1388   1114   1372   582   285   410   1424   1604   624   1941   1497   108   467   1413   1148   1023   32   1124   343   345   
1128   0   219   1450   1624   630   1536   612   385   1187   986   368   1381   1562   1357   74   107   440   908   1956   197   1325   197   1902   592   303   274   419   103   60   418   328   176   25   970   921   117   154   0   169   69   947   1445   29   9   25   1954   338   978   616   1184   619   793   376   236   907   1452   2027   1027   35   1991   1248   1447   640   636   57   1197   1988   1018   1207   48   1539   276   477   1156   1163   197   647   634   64   479   638   53   121   1536   1315   1944   2034   154   35   
1449   219   0   634   41   1076   629   418   37   1415   1250   948   59   222   26   984   324   645   190   1396   1436   204   1156   2008   1924   911   1987   1463   196   1989   1397   203   1397   2025   996   1060   349   1131   313   622   52   1029   1901   310   1018   636   626   914   970   13   1043   1151   1093   6   1448   996   1206   1212   1190   361   969   627   1123   1997   173   47   974   31   620   634   1163   151   1108   29   374   41   599   572   414   0   1115   1210   465   64   1513   0   90   18   354   338   
1392   1450   634   0   77   1092   42   1085   1165   2026   43   139   0   354   2011   425   10   91   1086   10   1176   971   1117   121   1029   201   1125   34   982   636   630   355   1061   13   1188   215   873   285   275   2   1029   0   68   1373   612   290   139   1118   23   840   1440   1387   72   1176   211   1201   1076   1423   611   1053   355   942   1192   44   202   364   119   1310   12   1396   73   586   78   632   640   981   605   804   1173   2011   374   67   974   0   108   1188   606   1423   635   644   
1176   1624   41   77   0   2013   311   90   117   876   327   1028   1063   44   1971   1073   64   1407   190   407   11   1956   1250   1573   13   278   3   406   1438   1432   338   483   47   1156   215   900   1475   177   1985   984   255   1965   2026   1147   2002   1436   643   328   25   904   964   296   21   1093   410   1400   223   15   56   904   1404   1560   970   139   0   475   1097   618   196   26   1023   1023   616   2002   338   1356   615   645   84   1148   249   255   1250   214   371   1149   301   635   346   1381   
49   630   1076   1092   2013   0   616   1206   875   361   640   79   1170   288   1311   351   1198   944   154   0   84   976   1126   363   325   1353   993   272   1086   318   1529   613   41   620   10   337   261   1027   328   1210   1478   179   1904   1125   108   2002   511   1444   26   1165   181   13   1452   974   341   1536   295   13   804   300   65   376   34   187   1212   362   2020   1198   616   60   1   89   72   1249   229   337   34   1575   1624   625   906   581   139   346   909   1179   296   1111   14   1216   
126   1536   629   42   311   616   0   1459   1372   1176   1163   311   1189   1458   1162   395   1423   1423   72   98   198   413   1400   617   98   98   328   901   1444   1174   1095   1444   44   511   608   643   295   1344   645   947   1197   971   1214   873   639   1250   1235   37   13   1447   630   375   221   1179   1003   1491   1156   22   1188   65   74   1434   1190   223   88   88   625   379   984   242   5   964   1231   222   40   291   643   269   1535   1932   980   1475   345   364   123   249   44   1136   970   44   
1110   612   418   1085   90   1206   1459   0   1439   198   1467   248   467   338   619   984   173   235   296   1960   91   68   508   0   206   511   354   1998   995   827   2   56   931   1437   1030   269   24   111   13   913   1622   1113   640   1475   1417   2015   632   1174   1348   1941   1173   72   329   1927   274   0   962   1227   1434   418   904   1501   1971   91   1097   1539   357   616   1094   1349   14   72   1960   1422   633   1359   245   49   201   355   992   1987   25   993   953   404   10   284   21   1211   
349   385   37   1165   117   875   1372   1439   0   1476   1061   121   995   19   1028   40   389   2026   260   18   379   1388   299   198   319   26   1405   967   626   42   303   188   1   308   26   986   59   324   52   0   632   198   497   1954   32   1438   325   1943   305   2014   456   1030   1431   114   1066   53   1060   904   13   25   2024   211   1061   137   184   0   149   176   323   72   1578   64   635   1950   1167   1575   1199   189   25   441   57   269   35   1215   1163   644   1007   284   1026   1985   
635   1187   1415   2026   876   361   1176   198   1476   0   950   637   3   4   1091   837   1084   0   799   1944   1179   1448   0   7   72   649   906   1428   989   2024   89   412   89   310   359   1148   904   187   365   1117   1013   185   622   438   41   2000   187   3   903   1213   37   1425   1066   993   623   1069   1096   1120   1169   1461   1942   840   1496   1135   1104   985   1325   1580   229   959   189   1604   146   35   1230   1415   1060   643   228   925   1092   1924   0   1210   422   363   1961   616   622   1423   
1444   986   1250   43   327   640   1163   1467   1061   950   0   367   230   55   1062   13   146   132   1407   993   1038   976   354   2025   630   269   2028   1160   315   1510   254   1250   1176   1391   42   82   53   1396   1386   1103   2024   177   629   190   116   1381   110   1198   76   334   83   1622   25   1147   413   921   1061   196   1041   440   1345   1186   1449   632   79   1439   315   989   1064   26   1400   413   359   327   276   198   626   1435   1118   454   611   119   47   338   249   950   1520   273   242   1904   
849   368   948   139   1028   79   311   248   121   637   367   0   1420   1560   1941   0   203   1417   26   2011   311   325   1018   370   581   1420   1062   68   1148   2008   803   1157   1066   1126   648   43   308   365   3   2013   177   29   1372   0   238   634   1944   327   132   803   1065   72   448   2010   630   228   77   901   1084   39   2024   910   0   88   1438   1961   963   368   60   397   2015   31   303   127   867   986   0   103   942   963   2018   274   1511   1188   629   35   980   90   1082   228   
927   1381   59   0   1063   1170   1189   467   995   3   230   1420   0   789   17   1396   203   14   1185   354   2008   1372   1448   1583   1188   1194   4   260   1106   448   126   249   44   1904   928   1021   78   59   1434   796   1080   51   1432   1443   2024   629   1371   1374   1388   303   992   319   265   87   434   46   41   90   937   963   964   1018   1   953   67   2028   586   2008   2018   266   133   311   616   1013   1416   361   1484   1082   37   418   1373   1112   326   1405   609   203   1357   296   930   91   
1961   1562   222   354   44   288   1458   338   19   4   55   1560   789   0   338   1356   1436   1111   650   176   279   309   54   40   592   1437   203   1562   613   1902   114   1060   60   902   1104   350   921   358   146   1437   31   1461   469   98   1425   644   980   847   1474   438   929   1359   1172   1148   354   1047   1204   967   276   1132   975   1446   1302   6   255   151   1381   79   1369   1447   974   238   2039   196   3   1176   269   50   1029   74   20   1160   338   621   10   176   25   72   1112   101   
479   1357   26   2011   1971   1311   1162   619   1028   1091   1062   1941   17   338   0   435   634   349   1444   383   145   1173   959   1960   176   5   344   1357   357   1961   333   915   27   988   1399   1060   346   1191   934   979   634   1252   222   1062   1079   302   4   1411   196   235   311   1206   1359   1191   8   1434   1060   0   935   196   173   1212   66   1186   72   963   141   405   965   463   315   47   1955   204   1167   216   206   1985   352   328   14   1440   389   630   1193   589   647   54   616   151   
386   74   984   425   1073   351   395   984   40   837   13   0   1396   1356   435   0   1099   255   624   397   1358   979   625   1371   1362   1162   121   1059   47   67   1133   52   106   1082   936   361   196   425   2024   1095   1375   172   386   931   15   119   1147   87   1073   351   474   1562   1113   49   995   141   0   193   27   911   2   0   1065   53   2030   319   1397   1163   940   121   248   203   88   331   959   1434   1004   338   589   630   645   249   2046   609   193   203   59   996   133   1902   
1100   107   324   10   64   1198   1423   173   389   1084   146   203   203   1436   634   1099   0   635   11   2030   1162   650   349   0   1119   94   1126   1027   337   371   2045   0   15   370   111   630   50   981   991   625   65   644   53   1094   1165   893   37   376   67   1116   939   1434   893   1413   354   644   1194   1190   2008   625   992   429   1020   413   190   850   0   1533   955   369   19   274   272   1198   620   1031   1004   968   1922   197   292   141   435   65   1348   1424   1343   1388   1109   69   
1161   440   645   91   1407   944   1423   235   2026   0   132   1417   14   1111   349   255   635   0   1474   124   64   94   1016   610   1106   1083   387   114   359   1117   361   972   225   10   1169   802   79   988   474   637   612   5   1031   65   399   1960   647   2024   977   612   1432   1491   2024   618   0   301   1130   2030   508   572   1400   1151   28   1005   1459   87   636   915   37   941   175   615   971   65   196   621   1028   479   1342   6   1029   928   149   1160   1437   110   808   189   2009   989   
2019   908   190   1086   190   154   72   296   260   799   1407   26   1185   650   1444   624   11   1474   0   305   441   1434   1126   395   800   74   649   100   925   325   616   1315   1093   89   0   280   25   1199   1193   137   410   124   64   316   1179   66   67   628   323   1231   173   1122   610   1566   1007   119   412   1032   640   1377   812   893   2012   80   7   930   315   2   1957   73   1218   1961   803   1436   121   354   636   103   22   644   295   440   451   13   1066   1173   1112   1416   625   343   
1449   1956   1396   10   407   0   98   1960   18   1944   993   2011   354   176   383   397   2030   124   305   0   1141   4   963   980   295   1444   1058   881   1130   1997   1097   628   299   10   575   235   295   15   1176   304   1410   115   0   1961   46   206   1407   0   1941   4   1207   1184   445   1206   969   1250   1449   914   1250   196   242   1018   582   272   1343   2044   1162   1533   1372   869   179   212   65   1214   637   1207   371   445   475   2009   1055   588   194   1392   1136   1176   37   385   1583   1172   
875   197   1436   1176   11   84   198   91   379   1179   1038   311   2008   279   145   1358   1162   64   441   1141   0   962   90   1384   928   26   82   1164   1904   8   1448   123   1098   295   1575   65   629   1352   901   319   474   152   370   326   226   74   215   416   73   10   338   936   1043   89   361   1449   197   643   110   1183   1448   1136   848   1439   410   928   94   49   244   955   2025   624   265   173   1459   991   1984   438   989   1108   953   511   29   1061   342   203   350   1147   902   2025   
649   1325   204   971   1956   976   413   68   1388   1448   976   325   1372   309   1173   979   650   94   1434   4   962   0   395   338   1516   186   1163   972   1073   615   359   1529   1941   87   605   1246   1167   511   612   361   451   423   305   1204   1071   331   274   72   99   361   479   616   23   1902   225   374   1128   202   346   306   1157   1164   284   345   310   369   1542   343   1118   1399   412   24   260   304   125   793   361   1106   1447   897   5   1437   1428   5   1984   388   1450   1942   390   974   
158   197   1156   1117   1250   1126   1400   508   299   0   354   1018   1448   54   959   625   349   1016   1126   963   90   395   0   386   310   371   1149   1906   328   1065   310   239   1435   1369   546   350   203   266   645   1212   84   1113   1119   295   0   203   1163   1050   1169   204   1960   644   1017   1499   636   1092   1111   154   221   353   1136   918   591   2034   1325   323   980   405   269   214   1422   917   1353   972   6   1372   996   1147   154   644   1483   1637   617   283   166   1214   1359   123   9   1110   
1467   1902   2008   121   1573   363   617   0   198   7   2025   370   1583   40   1960   1371   0   610   395   980   1384   338   386   0   1944   1083   9   416   644   186   1344   613   49   1463   188   643   0   40   445   1975   1   310   216   1310   295   303   414   1018   24   1158   1081   644   638   1516   2044   910   1125   1963   398   1422   33   1209   1108   423   900   0   638   928   1318   1578   953   12   985   202   1922   138   47   479   349   1148   970   616   1400   1372   1451   873   169   1483   275   1955   
1408   592   1924   1029   13   325   98   206   319   72   630   581   1188   592   176   1362   1119   1106   800   295   928   1516   310   1944   0   21   393   269   1637   1218   1189   1430   361   572   2015   1484   311   244   196   624   395   926   986   1093   95   1450   909   1043   414   1467   1367   388   1043   73   289   30   332   1356   76   44   18   447   1160   2020   295   1117   630   1998   964   1152   60   173   53   646   1215   33   1492   228   1456   1176   1129   299   497   335   443   214   1003   1431   1177   393   
1185   303   911   201   278   1353   98   511   26   649   269   1420   1194   1437   5   1162   94   1083   74   1444   26   186   371   1083   21   0   1575   1027   0   1127   1122   1176   1411   177   1463   216   1147   1093   13   1962   930   0   976   82   996   43   985   203   0   292   193   14   1118   582   1901   242   301   2000   1533   395   1005   117   620   297   1030   198   908   313   270   22   35   324   881   636   24   1484   1342   324   1197   3   166   1176   44   1073   300   364   1061   625   1998   985   
1424   274   1987   1125   3   993   328   354   1405   906   2028   1062   4   203   344   121   1126   387   649   1058   82   1163   1149   9   393   1575   0   1092   248   52   84   34   242   1467   68   1254   201   79   904   205   1189   345   1570   245   1413   211   803   238   1066   1133   1435   87   99   1586   423   255   1366   636   1160   803   2009   1416   1191   319   274   928   0   619   1147   946   963   275   22   26   948   1476   939   955   612   1917   1127   184   591   41   972   71   29   90   1411   1444   
361   419   1463   34   406   272   901   1998   967   1428   1160   68   260   1562   1357   1059   1027   114   100   881   1164   972   1906   416   269   1027   1092   0   1092   221   0   2031   278   1128   427   626   1058   29   393   1071   173   929   1018   52   869   625   168   189   51   1148   283   379   10   13   35   304   1522   1148   893   1149   947   55   8   1147   989   140   1216   407   1474   1164   100   73   76   345   1942   151   65   2029   847   981   1115   1250   154   337   0   1325   1029   635   187   13   
1210   103   196   982   1438   1086   1444   995   626   989   315   1148   1106   613   357   47   337   359   925   1130   1904   1073   328   644   1637   0   248   1092   0   55   1436   1164   2047   405   1169   12   580   119   1123   1069   953   1497   939   618   31   1118   26   2011   295   152   1117   111   1130   1539   956   624   1080   980   181   996   269   354   397   184   974   79   915   985   1198   65   963   187   1031   73   355   0   1391   319   2020   1104   1176   1942   1573   440   1043   360   1407   1189   640   29   
169   60   1989   636   1432   318   1174   827   42   2024   1510   2008   448   1902   1961   67   371   1117   325   1997   8   615   1065   186   1218   1127   52   221   55   0   1089   1415   852   648   239   1011   796   1447   1063   351   1425   1069   1212   1206   644   4   612   187   215   3   52   1384   2047   612   83   1401   993   1364   72   26   1436   25   1352   68   1063   1458   2025   1437   929   66   19   1147   1969   197   803   0   204   291   911   18   26   908   1   2020   362   361   572   915   1060   362   
1498   418   1397   630   338   1529   1095   2   303   89   254   803   126   114   333   1133   2045   361   616   1097   1448   359   310   1344   1189   1122   84   0   1436   1089   0   1055   1924   1495   2028   629   909   615   611   265   21   827   967   609   1502   1375   151   38   1182   1123   847   929   1436   398   1522   989   1160   622   1498   0   1250   215   902   1407   1116   73   636   1084   177   222   66   518   1116   419   68   971   189   1198   88   289   26   640   4   619   10   1389   369   173   62   342   
989   328   203   355   483   613   1444   56   188   412   1250   1157   249   1060   915   52   0   972   1315   628   123   1529   239   613   1430   1176   34   2031   1164   1415   1055   0   1092   1147   1416   10   62   308   602   261   57   611   979   2039   3   68   2024   6   629   1104   22   1436   205   875   946   389   451   1434   804   479   1452   438   327   8   630   1194   1942   991   79   1117   1358   624   1188   979   20   634   25   359   440   981   1265   292   1345   397   26   1391   1148   986   313   1128   
1167   176   1397   1061   47   41   44   931   1   89   1176   1066   44   60   27   106   15   225   1093   299   1098   1941   1435   49   361   1411   242   278   2047   852   1924   1092   0   1061   29   617   1121   343   1096   1267   508   334   950   395   40   621   54   24   1496   623   948   151   1188   1348   59   1444   1381   248   1097   1073   12   852   138   275   1028   414   1093   1377   1235   1113   1130   1458   361   1904   395   235   1164   43   347   1132   197   992   211   338   295   344   1211   611   244   635   
354   25   2025   13   1156   620   511   1437   308   310   1391   1126   1904   902   988   1082   370   10   89   10   295   87   1369   1463   572   177   1467   1128   405   648   1495   1147   1061   0   1985   1108   1119   1179   26   1111   939   1954   1136   1192   1891   1384   18   139   1097   379   1436   1425   216   438   1387   1076   1423   91   308   244   0   1202   623   650   1148   1030   27   1110   1401   1464   363   941   643   40   1124   947   1199   1599   276   313   1152   2028   1098   1122   1250   1080   298   215   950   375   
1167   970   996   1188   215   10   608   1030   26   359   42   648   928   1104   1399   936   111   1169   0   575   1575   605   546   188   2015   1463   68   427   1169   239   2028   1416   29   1985   0   1250   17   59   1194   76   344   2018   0   305   0   2046   40   342   196   467   909   1084   1432   937   929   925   1927   72   83   619   196   40   2012   211   327   335   10   59   1957   867   202   2029   2032   650   2045   248   1114   311   1157   176   327   414   636   445   1451   34   903   1080   1416   70   
1157   921   1060   215   900   337   643   269   986   1148   82   43   1021   350   1060   361   630   802   280   235   65   1246   350   643   1484   216   1254   626   12   1011   629   10   617   1108   1250   0   1121   1444   927   1128   1132   1396   1018   196   1420   959   5   179   619   0   1434   173   1018   21   60   1585   245   1942   1922   35   63   68   615   1250   972   4   0   110   1622   475   41   6   1301   357   10   1164   1467   616   1094   198   948   25   607   273   173   2000   939   266   313   624   
1212   117   349   873   1475   261   295   24   59   904   53   308   78   921   346   196   50   79   25   295   629   1167   203   0   311   1147   201   1058   580   796   909   62   1121   1119   17   1121   0   86   1936   375   1411   126   285   0   634   264   1423   1076   1169   1452   66   171   1451   1374   269   1060   327   74   385   140   1997   546   21   202   345   309   404   162   474   932   269   1492   65   507   1005   1011   288   43   1147   921   21   180   86   1199   34   637   27   609   124   1116   
1108   154   1131   285   177   1027   1344   111   324   187   1396   365   59   358   1191   425   981   988   1199   15   1352   511   266   40   244   1093   79   29   119   1447   615   308   343   1179   59   1444   86   0   1895   308   1167   1174   995   2011   1016   923   84   1496   602   336   50   1164   1997   1108   1237   138   1136   1463   906   228   991   1586   1397   1302   260   316   1018   1096   1942   99   1436   186   83   118   1041   300   351   1356   1405   113   57   66   620   17   1451   84   338   1502   1389   335   
915   0   313   275   1985   328   645   13   52   365   1386   3   1434   146   934   2024   991   474   1193   1176   901   612   645   445   196   13   904   393   1123   1063   611   602   1096   26   1194   927   1936   1895   0   311   95   921   632   324   434   343   261   980   31   1366   507   291   216   77   53   214   1227   1184   847   630   1147   386   1895   3   1115   249   89   270   1446   226   1422   52   222   474   1005   1167   119   1423   363   1542   948   1018   193   89   625   6   1184   1476   2000   934   
1479   169   622   2   984   1210   947   913   0   1117   1103   2013   796   1437   979   1095   625   637   137   304   319   361   1212   1975   624   1962   205   1071   1069   351   265   261   1267   1111   76   1128   375   308   311   0   1254   602   1573   1444   85   2025   925   102   270   310   196   1381   1978   98   15   1061   1984   1154   624   1141   1315   984   1118   1922   1143   5   1250   15   363   992   950   1984   1063   625   296   1206   1210   1043   1199   1197   1443   171   17   239   328   1076   1400   645   1136   412   
43   69   52   1029   255   1478   1197   1622   632   1013   2024   177   1080   31   634   1375   65   612   410   1410   474   451   84   1   395   930   1189   173   953   1425   21   57   508   939   344   1132   1411   1167   95   1254   0   1396   434   117   1128   203   359   309   804   1066   620   73   1396   972   1100   973   902   255   310   909   37   1218   1381   1423   1569   90   644   981   993   2049   1560   1459   382   1386   1148   332   311   230   94   2025   328   802   1191   368   546   467   1117   2032   377   52   
349   947   1029   0   1965   179   971   1113   198   185   177   29   51   1461   1252   172   644   5   124   115   152   423   1113   310   926   0   345   929   1497   1069   827   611   334   1954   2018   1396   126   1174   921   602   1396   0   610   84   1913   68   169   1624   346   605   10   86   1190   605   934   55   369   1422   410   1436   5   2013   59   1108   1535   62   908   111   1925   2027   269   1109   1527   91   971   21   328   580   83   624   971   66   1164   640   169   610   1060   1117   1062   1148   
1190   1445   1901   68   2026   1904   1214   640   497   622   629   1372   1432   469   222   386   53   1031   64   0   370   305   1119   216   986   976   1570   1018   939   1212   967   979   950   1136   0   1018   285   995   632   1573   434   610   0   43   640   2000   1103   121   410   337   8   1083   1065   1194   5   1415   66   365   221   260   8   648   936   311   1165   260   1185   1962   1461   1375   360   507   619   622   1461   1112   1359   1071   1204   1391   479   113   1405   2025   289   1185   479   881   24   953   
235   29   310   1373   1147   1125   873   1475   1954   438   190   0   1443   98   1062   931   1094   65   316   1961   326   1204   295   1310   1093   82   245   52   618   1206   609   2039   395   1192   305   196   0   2011   324   1444   117   84   43   0   34   1452   0   154   279   1475   1172   1349   2028   630   980   1173   995   52   1167   1252   1184   1064   116   1612   31   1173   613   985   1093   406   177   994   1960   929   1539   1435   986   936   1575   1961   644   929   1944   0   69   9   128   646   27   0   
632   9   1018   612   2002   108   639   1417   32   41   116   238   2024   1425   1079   15   1165   399   1179   46   226   1071   0   295   95   996   1413   869   31   644   1502   3   40   1891   0   1420   634   1016   434   85   1128   1913   640   34   0   1104   313   48   67   90   997   1902   110   634   1094   880   2010   1318   611   152   904   1105   1444   995   2032   1005   996   196   620   359   13   68   1250   55   1088   15   276   803   630   1385   152   286   1093   1043   1126   70   381   615   1226   1407   
63   25   636   290   1436   2002   1250   2015   1438   2000   1381   634   629   644   302   119   893   1960   66   206   74   331   203   303   1450   43   211   625   1118   4   1375   68   621   1384   2046   959   264   923   343   2025   203   68   2000   1452   1104   0   1356   993   911   158   285   296   116   197   353   83   928   612   880   64   1194   1078   122   1123   180   337   15   956   285   1498   121   248   203   63   467   181   94   588   947   895   1539   938   49   1050   908   913   405   328   1081   927   
2000   1954   626   139   643   511   1235   632   325   187   110   1944   1371   980   4   1147   37   647   67   1407   215   274   1163   414   909   985   803   168   26   612   151   2024   54   18   40   5   1423   84   261   925   359   169   1103   0   313   1356   0   173   1092   1115   938   3   1372   1511   1108   25   1157   1029   216   1147   1157   939   73   95   1004   79   1141   179   215   303   264   395   26   214   952   963   1586   1435   62   1458   1146   25   1136   618   479   418   636   248   15   1467   
1110   338   914   1118   328   1444   37   1174   1943   3   1198   327   1374   847   1411   87   376   2024   628   0   416   72   1050   1018   1043   203   238   189   2011   187   38   6   24   139   342   179   1076   1496   980   102   309   1624   121   154   48   993   173   0   110   984   1080   1154   188   1405   1971   6   422   117   616   28   274   1248   2049   325   988   166   806   953   300   1448   1423   151   616   1436   15   301   974   634   1212   351   4   0   1149   37   308   1397   299   34   979   881   
624   978   970   23   25   26   13   1348   305   903   76   132   1388   1474   196   1073   67   977   323   1941   73   99   1169   24   414   0   1066   51   295   215   1182   629   1496   1097   196   619   1169   602   31   270   804   346   410   279   67   911   1092   110   0   387   418   324   0   187   1147   43   1397   350   304   639   88   625   1132   1349   338   979   115   803   100   1954   1182   942   1148   1988   156   2010   382   1250   388   2031   1250   238   25   338   43   989   1984   1416   7   1407   
25   616   13   840   904   1165   1447   1941   2014   1213   334   803   303   438   235   351   1116   612   1231   4   10   361   204   1158   1467   292   1133   1148   152   3   1123   1104   623   379   467   0   1452   336   1366   310   1066   605   337   1475   90   158   1115   984   387   0   867   974   181   1373   361   997   304   2010   941   605   274   2026   1125   79   1111   198   371   52   1560   1149   586   1078   1196   1165   1115   621   10   399   1082   936   634   970   68   201   40   950   620   398   1074   1401   
1029   1184   1043   1440   964   181   630   1173   456   37   83   1065   992   929   311   474   939   1432   173   1207   338   479   1960   1081   1367   193   1435   283   1117   52   847   22   948   1436   909   1434   66   50   507   196   620   10   8   1172   997   285   938   1080   418   867   0   894   1965   1097   645   434   362   10   202   1205   225   0   387   187   1080   68   79   14   1123   2027   1536   867   255   313   1599   798   168   41   1932   1207   981   269   1460   1156   311   434   438   275   931   1131   
1400   619   1151   1387   296   13   375   72   1030   1425   1622   72   319   1359   1206   1562   1434   1491   1122   1184   936   616   644   644   388   14   87   379   111   1384   929   1436   151   1425   1084   173   171   1164   291   1381   73   86   1083   1349   1902   296   3   1154   324   974   894   0   2008   132   63   1038   194   1091   799   630   343   261   1065   41   1194   368   187   18   1400   1016   1218   1248   2035   1079   1483   1201   296   847   585   977   47   1392   1252   1212   992   1053   1147   77   150   1420   
368   793   1093   72   21   1452   221   329   1431   1066   25   448   265   1172   1359   1113   893   2024   610   445   1043   23   1017   638   1043   1118   99   10   1130   2047   1436   205   1188   216   1432   1018   1451   1997   216   1978   1396   1190   1065   2028   110   116   1372   188   0   181   1965   2008   0   379   297   1079   1901   1956   266   928   2027   87   575   6   284   1476   31   1444   197   1923   1960   360   1011   256   1443   1369   511   1957   49   310   1183   6   989   393   1194   970   1193   0   190   904   
2024   376   6   1176   1093   974   1179   1927   114   993   1147   2010   87   1148   1191   49   1413   618   1566   1206   89   1902   1499   1516   73   582   1586   13   1539   612   398   875   1348   438   937   21   1374   1108   77   98   972   605   1194   630   634   197   1511   1405   187   1373   1097   132   379   0   345   197   6   1136   1095   67   29   1413   925   144   1396   1157   335   970   1064   60   84   1248   925   311   1235   1089   1936   0   1072   1955   1501   2049   1227   222   799   319   1437   43   34   395   
443   236   1448   211   410   341   1003   274   1066   623   413   630   434   354   8   995   354   0   1007   969   361   225   636   2044   289   1901   423   35   956   83   1522   946   59   1387   929   60   269   1237   53   15   1100   934   5   980   1094   353   1108   1971   1147   361   645   63   297   345   0   1566   932   1179   1991   1081   84   35   42   72   976   1128   440   629   1483   1210   379   985   390   21   602   180   84   1951   475   978   936   100   1106   319   1585   113   953   20   295   1206   
13   907   996   1201   1400   1536   1491   0   53   1069   921   228   46   1047   1434   141   644   301   119   1250   1449   374   1092   910   30   242   255   304   624   1401   989   389   1444   1076   925   1585   1060   138   214   1061   973   55   1415   1173   880   83   25   6   43   997   434   1038   1079   197   1566   0   980   953   612   1109   1176   1106   1434   338   1436   1093   365   1423   1539   1496   1955   1073   1093   64   393   980   1444   82   1369   1063   284   907   609   113   1164   0   1163   34   1183   57   
37   1452   1206   1076   223   295   1156   962   1060   1096   1061   77   41   1204   1060   0   1194   1130   412   1449   197   1128   1111   1125   332   301   1366   1522   1080   993   1160   451   1381   1423   1927   245   327   1136   1227   1984   902   369   66   995   2010   928   1157   422   1397   304   362   194   1901   6   932   980   0   31   3   1204   278   793   55   3   181   79   1375   635   43   847   644   983   1103   1389   69   1963   0   1116   6   454   1174   379   1060   115   1042   91   623   187   82   1162   
255   2027   1212   1423   15   13   22   1227   904   1120   196   901   90   967   0   193   1190   2030   1032   914   643   202   154   1963   1356   2000   636   1148   980   1364   622   1434   248   91   72   1942   74   1463   1184   1154   255   1422   365   52   1318   612   1029   117   350   2010   10   1091   1956   1136   1179   953   31   0   102   1005   76   1302   1985   1985   636   2028   300   173   1011   1388   1179   244   992   338   215   1020   29   1082   146   5   341   429   978   1430   1063   1545   80   984   637   1028   
2024   1027   1190   611   56   804   1188   1434   13   1169   1041   1084   937   276   935   27   2008   508   640   1250   110   346   221   398   76   1533   1160   893   181   72   1498   804   1097   308   83   1922   385   906   847   624   310   410   221   1167   611   880   216   616   304   941   202   799   266   1095   1991   612   3   102   0   928   304   37   306   1539   2019   343   47   305   1437   1212   1147   992   932   1122   1545   1031   1176   6   921   328   4   15   1622   176   2027   637   410   988   226   303   
1188   35   361   1053   904   300   65   418   25   1461   440   39   963   1132   196   911   625   572   1377   196   1183   306   353   1422   44   395   803   1149   996   26   0   479   1073   244   619   35   140   228   630   1141   909   1436   260   1252   152   64   1147   28   639   605   1205   630   928   67   1081   1109   1204   1005   928   0   14   371   800   1141   1176   305   346   51   1062   962   1063   2010   1116   14   140   1401   296   1099   219   42   125   76   992   1148   351   44   14   1113   37   1246   
1065   1991   969   355   1404   65   74   904   2024   1942   1345   2024   964   975   173   2   992   1400   812   242   1448   1157   1136   33   18   1005   2009   947   269   1436   1250   1452   12   0   196   63   1997   991   1147   1315   37   5   8   1184   904   1194   1157   274   88   274   225   343   2027   29   84   1176   278   76   304   14   0   582   629   1062   79   1021   0   13   55   1984   1253   53   35   1212   38   368   229   1128   636   1449   1385   1076   245   625   1389   121   64   15   65   950   
1031   1248   627   942   1560   376   1434   1501   211   840   1186   910   1018   1446   1212   0   429   1151   893   1018   1136   1164   918   1209   447   117   1416   55   354   25   215   438   852   1202   40   68   546   1586   386   984   1218   2013   648   1064   1105   1078   939   1248   625   2026   0   261   87   1413   35   1106   793   1302   37   371   582   0   2013   354   139   1345   974   327   343   1405   1250   1053   42   1176   1112   368   1459   621   1573   65   1520   1325   1593   184   1151   201   1156   83   1128   336   
930   1447   1123   1192   970   34   1190   1971   1061   1496   1449   0   1   1302   66   1065   1020   28   2012   582   848   284   591   1108   1160   620   1191   8   397   1352   902   327   138   623   2012   615   21   1397   1895   1118   1381   59   936   116   1444   122   73   2049   1132   1125   387   1065   575   925   42   1434   55   1985   306   800   629   2013   0   875   374   274   1128   971   1141   87   1030   1944   59   616   913   269   1158   346   617   87   235   1095   625   276   90   1124   197   619   323   1207   
1387   640   1997   44   139   187   223   91   137   1135   632   88   953   6   1186   53   413   1005   80   272   1439   345   2034   423   2020   297   319   1147   184   68   1407   8   275   650   211   1250   202   1302   3   1922   1423   1108   311   1612   995   1123   95   325   1349   79   187   41   6   144   72   338   3   1985   1539   1141   1062   354   875   0   266   1389   1265   414   60   1125   91   300   158   215   180   1372   34   118   53   193   621   905   308   479   996   269   65   319   2026   1459   
383   636   173   202   0   1212   88   1097   184   1104   79   1438   67   255   72   2030   190   1459   7   1343   410   310   1325   900   295   1030   274   989   974   1063   1116   630   1028   1148   327   972   345   260   1115   1143   1569   1535   1165   31   2032   180   1004   988   338   1111   1080   1194   284   1396   976   1436   181   636   2019   1176   79   139   374   266   0   1444   640   1116   74   74   308   992   196   0   190   1147   976   296   341   636   15   196   1464   463   97   2028   334   1065   44   351   
1028   57   47   364   475   362   88   1539   0   985   1439   1961   2028   151   963   319   850   87   930   2044   928   369   323   0   1117   198   928   140   79   1458   73   1194   414   1030   335   4   309   316   249   5   90   62   260   1173   1005   337   79   166   979   198   68   368   1476   1157   1128   1093   79   2028   343   305   1021   1345   274   1389   1444   0   902   121   0   26   624   1151   1387   1562   1560   102   1444   1173   6   189   203   343   1184   928   361   1212   1425   1210   72   311   
244   1197   974   119   1097   2020   625   357   149   1325   315   963   586   1381   141   1397   0   636   315   1162   94   1542   980   638   630   908   0   1216   915   2025   636   1942   1093   27   10   0   404   1018   89   1250   644   908   1185   613   996   15   1141   806   115   371   79   187   31   335   440   365   1375   300   47   346   0   974   1128   1265   640   902   0   952   1027   22   69   1459   605   972   921   621   368   187   612   65   276   1436   850   1094   6   2024   925   369   338   1267   
944   1988   31   1310   618   1198   379   616   176   1580   989   368   2008   79   405   1163   1533   915   2   1533   49   343   405   928   1998   313   619   407   985   1437   1084   991   1377   1110   59   110   162   1096   270   15   981   111   1962   985   196   956   179   953   803   52   14   18   1444   970   629   1423   635   173   305   51   13   327   971   414   1116   121   952   0   1904   611   1436   301   949   1076   249   10   1448   1157   1011   606   318   507   318   74   8   1011   2032   804   969   906   
32   1018   620   12   196   616   984   1094   323   229   1064   60   2018   1369   965   940   955   37   1957   1372   244   1118   269   1318   964   270   1147   1474   1198   929   177   79   1235   1401   1957   1622   474   1942   1446   363   993   1925   1461   1093   620   285   215   300   100   1560   1123   1400   197   1064   1483   1539   43   1011   1437   1062   55   343   1141   60   74   0   1027   1904   0   995   1423   518   1551   1381   21   1130   1987   612   1988   418   88   6   1971   244   152   0   368   1126   1569   1112   
1031   1207   634   1396   26   60   242   1349   72   959   26   397   266   1447   463   121   369   941   73   869   955   1399   214   1578   1152   22   946   1164   65   66   222   1117   1113   1464   867   475   932   99   226   992   2049   2027   1375   406   359   1498   303   1448   1954   1149   2027   1016   1923   60   1210   1496   847   1388   1212   962   1984   1405   87   1125   74   26   22   611   995   0   1063   1539   1250   269   315   187   179   1925   650   59   95   0   149   2044   429   91   25   100   973   953   
1388   48   1163   73   1023   1   5   14   1578   189   1400   2015   133   974   315   248   19   175   1218   179   2025   412   1422   953   60   35   963   100   963   19   66   1358   1130   363   202   41   269   1436   1422   950   1560   269   360   177   13   121   264   1423   1182   586   1536   1218   1960   84   379   1955   644   1179   1147   1063   1253   1250   1030   91   308   624   69   1436   1423   1063   0   389   911   1941   325   928   634   973   1943   198   405   1201   1194   992   1035   1200   1529   1080   636   190   
1114   1539   151   586   1023   89   964   72   64   1604   413   31   311   238   47   203   274   615   1961   212   624   24   917   12   173   324   275   73   187   1147   518   624   1458   941   2029   6   1492   186   52   1984   1459   1109   507   994   68   248   395   151   942   1078   867   1248   360   1248   985   1073   983   244   992   2010   53   1053   1944   300   992   1151   1459   301   518   1539   389   0   116   1250   1436   37   51   26   1583   197   1113   2002   127   1060   101   965   8   1066   1017   245   
