60
0   1388   1978   290   265   963   389   173   367   1311   1925   928   44   1400   2045   960   980   937   44   629   376   53   1119   1364   53   985   6   1149   50   1516   988   1396   289   982   1484   1391   875   1210   586   1088   1463   1157   586   316   1436   1946   8   1059   1955   156   1539   451   152   98   2047   66   28   981   1998   116   
1388   0   1066   1446   44   993   1456   1143   1431   1121   869   893   1389   2039   1248   266   193   1123   47   141   14   849   2013   83   158   1163   630   337   980   108   972   1946   621   1148   621   1069   1479   1387   318   803   1439   1430   226   880   175   1205   1132   5   1181   44   1415   1132   1486   2013   1248   1106   605   1248   1215   929   
1978   1066   0   1160   162   428   1116   1158   181   386   1189   1167   1373   42   1475   299   346   358   111   114   1358   360   1966   636   351   456   399   173   940   10   875   1143   274   2024   1359   961   116   35   1032   1302   1206   1486   193   582   985   354   1456   799   1416   87   1061   1030   978   1061   1069   572   980   1951   1174   359   
290   1446   1160   0   1460   1119   6   121   1209   4   356   26   368   1357   248   328   371   327   3   1439   98   1422   2029   394   326   1162   306   588   2020   895   1038   579   354   203   2020   973   254   970   1250   343   2019   22   953   1131   588   84   77   103   1003   1128   1250   108   1064   428   1450   342   313   114   997   342   
265   44   162   1460   0   970   201   927   454   171   59   52   0   1117   1424   27   1110   1016   181   57   1141   244   1214   447   971   1065   1176   1018   640   126   591   1585   74   632   41   37   379   94   367   1023   10   2028   1381   310   1359   1212   1148   1593   1573   94   291   970   335   31   1392   1344   14   901   991   310   
963   993   428   1119   970   0   792   629   275   310   343   636   632   169   305   289   1381   873   63   34   328   173   100   511   1192   928   119   38   185   351   1250   1157   296   371   309   222   893   111   1028   963   13   1167   88   1141   1539   355   74   50   25   300   359   1377   984   1060   184   945   962   1227   983   1369   
389   1456   1116   6   201   792   0   1160   1478   1235   1511   1151   1586   935   441   1960   1179   799   327   877   1023   274   931   918   235   918   12   42   460   445   1020   793   980   368   122   1416   1243   407   390   1113   371   1392   413   1041   1622   623   90   47   1   1212   1193   344   925   1147   609   1100   180   244   1110   611   
173   1143   1158   121   927   629   1160   0   98   643   292   1029   1384   361   1475   942   1444   1476   86   364   2025   1218   950   1464   850   995   940   963   235   296   928   1399   99   4   321   2010   196   971   1018   354   630   1117   343   628   1971   1955   1404   1624   1130   2010   281   936   377   328   451   193   1050   855   91   970   
367   1431   181   1209   454   275   1478   98   0   970   19   65   323   1165   927   1372   971   1072   1399   65   1364   26   1000   1158   80   903   337   151   1495   1364   1188   586   1389   619   1031   37   357   1212   645   0   77   49   1194   49   2046   1176   802   351   928   440   1191   264   992   852   1420   441   803   189   1023   1020   
1311   1121   386   4   171   310   1235   643   970   0   613   315   1400   197   87   10   622   139   52   137   63   62   1479   423   2002   119   310   1389   418   1452   609   1198   1188   49   35   973   1108   2002   29   1158   1248   87   1030   76   21   1437   1213   981   172   622   451   19   630   1396   1405   260   999   987   985   0   
1925   869   1189   356   59   343   1511   292   19   613   0   1149   214   0   1467   1924   980   66   116   205   623   2030   1160   325   72   1167   1196   274   589   103   1946   1108   1359   48   308   1944   1891   25   406   41   1061   635   1032   1   1172   2002   364   349   1113   1144   94   928   325   5   49   1108   1026   337   90   328   
928   893   1167   26   52   636   1151   1029   65   315   1149   0   1551   1192   14   1027   325   1118   9   29   29   228   110   30   1434   43   2046   1637   176   633   12   1063   1474   301   300   1197   1083   1170   44   1539   2025   276   1182   13   917   1128   63   977   1213   132   361   37   0   977   1425   979   474   1163   13   647   
44   1389   1373   368   0   632   1586   1384   323   1400   214   1551   0   1163   1212   6   1097   904   1084   103   381   299   73   1400   2011   986   1066   379   474   958   1149   24   0   1215   1474   2002   978   1906   113   971   939   315   992   1188   318   1384   615   270   274   991   2025   2004   946   0   867   908   970   479   1927   32   
1400   2039   42   1357   1117   169   935   361   1165   197   0   1192   1163   0   1387   1067   132   65   612   1149   1173   310   25   1985   4   249   1575   1188   186   1451   911   1128   2026   848   1206   1250   619   1020   1211   90   1612   359   238   122   1038   359   997   0   185   14   1438   1061   1017   649   1951   647   1447   1157   48   1432   
2045   1248   1475   248   1424   305   441   1475   927   87   1467   14   1212   1387   0   110   321   1310   944   319   7   1133   1067   184   972   936   197   1065   620   319   309   215   1435   1186   629   1967   1985   305   21   855   437   948   895   1539   1191   137   197   47   1192   19   945   25   345   149   341   285   650   52   1991   50   
960   266   299   328   27   289   1960   942   1372   10   1924   1027   6   1067   110   0   1498   1432   1431   242   0   52   1211   95   1021   317   1212   31   1301   5   800   87   393   977   968   51   306   99   625   301   15   1998   107   368   1173   27   599   196   608   1180   1028   1439   1573   1007   59   2   304   1141   799   1349   
980   193   346   371   1110   1381   1179   1444   971   622   980   325   1097   132   321   1498   0   25   1157   0   1085   2026   114   1437   173   441   1117   290   106   1451   1396   1204   1460   303   171   1186   360   1984   981   621   1091   952   50   1133   190   198   2009   1038   1442   507   1372   52   15   1115   1064   72   479   1443   65   591   
937   1123   358   327   1016   873   799   1476   1072   139   66   1118   904   65   1310   1432   25   0   68   1358   622   1483   1152   52   297   611   201   1430   67   1194   613   1097   51   616   1946   10   55   1179   41   425   1495   57   1043   365   303   637   960   1460   65   2008   34   422   607   1527   386   337   21   1562   979   35   
44   47   111   3   181   63   327   86   1399   52   116   9   1084   612   944   1431   1157   68   0   3   221   645   635   645   2011   2034   586   354   1252   298   23   42   1148   993   1094   2031   1439   55   1397   335   2008   945   1922   1005   1194   53   1130   1215   35   1115   286   1127   934   296   1622   387   49   74   1510   1085   
629   141   114   1439   57   34   877   364   65   137   205   29   103   1149   319   242   0   1358   3   0   0   103   141   1106   905   467   1516   900   166   1252   46   1161   974   140   357   203   1954   1197   1204   1955   361   139   8   1116   959   636   274   1265   0   371   21   5   203   126   1147   953   249   2015   877   115   
376   14   1358   98   1141   328   1023   2025   1364   63   623   29   381   1173   7   0   1085   622   221   0   0   5   363   1125   0   1116   930   804   110   2027   1149   323   438   632   1063   981   189   203   1108   204   1475   17   28   1202   1451   1212   249   15   114   196   1073   803   450   249   1539   644   636   949   377   108   
53   849   360   1422   244   173   274   1218   26   62   2030   228   299   310   1133   52   2026   1483   645   103   5   0   1495   395   1085   1061   387   110   1197   895   1212   1352   1586   66   939   1422   1202   1439   1961   588   226   935   881   1031   2013   297   948   1148   1265   837   1227   14   648   356   1149   645   1988   636   423   1093   
1119   2013   1966   2029   1214   100   931   950   1000   1479   1160   110   73   25   1067   1211   114   1152   635   141   363   1495   0   304   319   1136   1420   1624   905   171   38   38   1147   1174   616   624   1318   936   1987   87   1108   102   1437   35   0   8   102   388   1065   21   1031   48   1349   1080   10   622   1053   616   546   1357   
1364   83   636   394   447   511   918   1464   1158   423   325   30   1400   1985   184   95   1437   52   645   1106   1125   395   304   0   66   154   632   1118   338   1527   1478   24   0   967   313   177   94   1400   1066   1958   117   627   116   1063   915   298   1978   15   68   27   1954   901   103   1113   804   115   27   188   360   1202   
53   158   351   326   971   1192   235   850   80   2002   72   1434   2011   4   972   1021   173   297   2011   905   0   1085   319   66   0   179   196   1   1023   1201   1962   1063   202   41   1179   173   2008   279   621   0   1207   803   1443   26   970   967   923   260   3   1392   1110   304   181   83   980   1496   1212   338   586   3   
985   1163   456   1162   1065   928   918   995   903   119   1167   43   986   249   936   317   441   611   2034   467   1116   1061   1136   154   179   0   932   89   982   1902   1117   308   173   325   984   438   1130   381   222   404   630   26   986   800   29   91   1416   1149   984   406   79   36   2018   440   1539   70   52   226   274   1123   
6   630   399   306   1176   119   12   940   337   310   1196   2046   1066   1575   197   1212   1117   201   586   1516   930   387   1420   632   196   932   0   84   338   32   1136   248   1205   1479   1349   1108   94   1082   205   54   1381   132   956   1478   1197   29   325   338   1950   1405   49   1404   318   193   989   996   113   2000   1163   287   
1149   337   173   588   1018   38   42   963   151   1389   274   1637   379   1188   1065   31   290   1430   354   900   804   110   1624   1118   1   89   84   0   1103   1599   66   980   1901   346   2025   1115   287   1901   303   21   635   406   984   636   6   1148   1498   1452   198   113   7   1510   335   311   197   66   79   1388   450   437   
50   980   940   2020   640   185   460   235   1495   418   589   176   474   186   620   1301   106   67   1252   166   110   1197   905   338   1023   982   338   1103   0   1113   640   1131   1065   1149   1106   624   1161   17   40   1102   289   1369   1199   313   206   869   970   1400   1147   1388   1158   6   616   175   260   69   1035   323   1020   908   
1516   108   10   895   126   351   445   296   1364   1452   103   633   958   1451   319   5   1451   1194   298   1252   2027   895   171   1527   1201   1902   32   1599   1113   0   1125   335   877   1013   1106   2049   24   1348   8   1207   196   19   1439   2030   645   939   1513   26   275   77   54   970   1450   21   1194   388   1927   2015   1529   73   
988   972   875   1038   591   1250   1020   928   1188   609   1946   12   1149   911   309   800   1396   613   23   46   1149   1212   38   1478   1962   1117   1136   66   640   1125   0   214   637   630   468   1963   644   1152   995   950   628   135   1158   1460   451   98   1366   945   1420   934   1484   1960   1486   256   906   261   991   132   1165   395   
1396   1946   1143   579   1585   1157   793   1399   586   1198   1108   1063   24   1128   215   87   1204   1097   42   1161   323   1352   38   24   1063   308   248   980   1131   335   214   0   274   1196   30   140   897   956   909   1372   980   91   410   305   152   1093   201   1484   925   1067   1585   1159   1539   1042   1190   38   1364   35   1439   636   
289   621   274   354   74   296   980   99   1389   1188   1359   1474   0   2026   1435   393   1460   51   1148   974   438   1586   1147   0   202   173   1205   1901   1065   877   637   274   0   1176   248   901   1966   367   619   1430   1580   976   1311   1583   1573   310   91   146   21   972   274   25   994   1059   633   274   580   352   14   239   
982   1148   2024   203   632   371   368   4   619   49   48   301   1215   848   1186   977   303   616   993   140   632   66   1174   967   41   325   1479   346   1149   1013   630   1196   1176   0   1055   35   429   798   804   1536   1356   1030   1254   1064   168   1961   264   353   799   985   597   638   591   1444   37   119   291   1988   617   434   
1484   621   1359   2020   41   309   122   321   1031   35   308   300   1474   1206   629   968   171   1946   1094   357   1063   939   616   313   1179   984   1349   2025   1106   1106   468   30   248   1055   0   1578   1004   29   9   313   100   1136   1176   355   54   479   1031   946   10   24   1435   12   993   1917   1356   21   21   1114   2044   89   
1391   1069   961   973   37   222   1416   2010   37   973   1944   1197   2002   1250   1967   51   1186   10   2031   203   981   1422   624   177   173   438   1108   1115   624   2049   1963   140   901   35   1578   0   1434   1451   1160   1405   1420   630   1420   2039   1498   637   1080   98   1349   1486   1018   1325   288   1364   1962   9   12   310   184   1386   
875   1479   116   254   379   893   1243   196   357   1108   1891   1083   978   619   1985   306   360   55   1439   1954   189   1202   1318   94   2008   1130   94   287   1161   24   644   897   1966   429   1004   1434   0   10   881   1076   65   313   625   1011   633   1966   1085   17   996   429   1160   368   1191   1539   269   139   169   325   197   1237   
1210   1387   35   970   94   111   407   971   1212   2002   25   1170   1906   1020   305   99   1984   1179   55   1197   203   1439   936   1400   279   381   1082   1901   17   1348   1152   956   367   798   29   1451   10   0   935   1148   29   1156   926   1050   310   326   65   909   335   1539   947   1197   219   630   1369   971   798   1325   448   50   
586   318   1032   1250   367   1028   390   1018   645   29   406   44   113   1211   21   625   981   41   1397   1204   1108   1961   1987   1066   621   222   205   303   40   8   995   909   619   804   9   1160   881   935   0   0   230   1116   229   1513   984   1173   1226   869   10   634   1053   1113   52   1478   1127   67   1375   60   925   379   
1088   803   1302   343   1023   963   1113   354   0   1158   41   1539   971   90   855   301   621   425   335   1955   204   588   87   1958   0   404   54   21   1102   1207   950   1372   1430   1536   313   1405   1076   1148   0   0   1032   1407   877   1423   1163   115   963   1128   279   1359   1148   1201   940   361   1459   626   973   1499   1442   987   
1463   1439   1206   2019   10   13   371   630   77   1248   1061   2025   939   1612   437   15   1091   1495   2008   361   1475   226   1108   117   1207   630   1381   635   289   196   628   980   1580   1356   100   1420   65   29   230   1032   0   306   353   1423   149   90   1216   1539   74   1318   189   60   84   151   1164   25   967   1436   39   1372   
1157   1430   1486   22   2028   1167   1392   1117   49   87   635   276   315   359   948   1998   952   57   945   139   17   935   102   627   803   26   132   406   1369   19   135   91   976   1030   1136   630   313   1156   1116   1407   306   0   311   21   1978   1112   1156   1060   40   2034   947   1475   460   21   89   979   1250   319   980   644   
586   226   193   953   1381   88   413   343   1194   1030   1032   1182   992   238   895   107   50   1043   1922   8   28   881   1437   116   1443   986   956   984   1199   1439   1158   410   1311   1254   1176   1420   625   926   229   877   353   311   0   26   1410   1998   1392   1612   371   625   1074   1301   62   1956   2019   158   66   1128   25   269   
316   880   582   1131   310   1141   1041   628   49   76   1   13   1188   122   1539   368   1133   365   1005   1116   1202   1031   35   1063   26   800   1478   636   313   2030   1460   305   1583   1064   355   2039   1011   1050   1513   1423   1423   21   26   0   583   324   47   622   73   367   190   1023   65   313   893   627   996   2010   46   1209   
1436   175   985   588   1359   1539   1622   1971   2046   21   1172   917   318   1038   1191   1173   190   303   1194   959   1451   2013   0   915   970   29   1197   6   206   645   451   152   1573   168   54   1498   633   310   984   1163   149   1978   1410   583   0   264   995   581   100   609   1435   21   1391   1459   68   1372   139   1038   175   1400   
1946   1205   354   84   1212   355   623   1955   1176   1437   2002   1128   1384   359   137   27   198   637   53   636   1212   297   8   298   967   91   29   1148   869   939   98   1093   310   1961   479   637   1966   326   1173   115   90   1112   1998   324   264   0   48   173   1967   202   1135   2000   65   148   1032   358   359   1112   633   357   
8   1132   1456   77   1148   74   90   1404   802   1213   364   63   615   997   197   599   2009   960   1130   274   249   948   102   1978   923   1416   325   1498   970   1513   1366   201   91   264   1031   1080   1085   65   1226   963   1216   1156   1392   47   995   48   0   1325   7   1437   989   1206   107   414   40   1235   99   1206   1464   1411   
1059   5   799   103   1593   50   47   1624   351   981   349   977   270   0   47   196   1038   1460   1215   1265   15   1148   388   15   260   1149   338   1452   1400   26   945   1484   146   353   946   98   17   909   869   1128   1539   1060   1612   622   581   173   1325   0   1998   969   44   7   1207   1146   24   1966   1372   1496   64   193   
1955   1181   1416   1003   1573   25   1   1130   928   172   1113   1213   274   185   1192   608   1442   65   35   0   114   1265   1065   68   3   984   1950   198   1147   275   1420   925   21   799   10   1349   996   335   10   279   74   40   371   73   100   1967   7   1998   0   44   636   0   2   198   1116   1373   1250   324   977   930   
156   44   87   1128   94   300   1212   2010   440   622   1144   132   991   14   19   1180   507   2008   1115   371   196   837   21   27   1392   406   1405   113   1388   77   934   1067   972   985   24   1486   429   1539   634   1359   1318   2034   625   367   609   202   1437   969   44   0   397   2013   1125   53   51   906   52   1539   404   0   
1539   1415   1061   1250   291   359   1193   281   1191   451   94   361   2025   1438   945   1028   1372   34   286   21   1073   1227   1031   1954   1110   79   49   7   1158   54   1484   1585   274   597   1435   1018   1160   947   1053   1148   189   947   1074   190   1435   1135   989   44   636   397   0   962   636   49   1108   1529   1580   2026   1387   1061   
451   1132   1030   108   970   1377   344   936   264   19   928   37   2004   1061   25   1439   52   422   1127   5   803   14   48   901   304   36   1404   1510   6   970   1960   1159   25   638   12   1325   368   1197   1113   1201   60   1475   1301   1023   21   2000   1206   7   0   2013   962   0   586   273   1371   405   1136   35   1476   1167   
152   1486   978   1064   335   984   925   377   992   630   325   0   946   1017   345   1573   15   607   934   203   450   648   1349   103   181   2018   318   335   616   1450   1486   1539   994   591   993   288   1191   219   52   940   84   460   62   65   1391   65   107   1207   2   1125   636   586   0   904   840   74   1065   59   26   1371   
98   2013   1061   428   31   1060   1147   328   852   1396   5   977   0   649   149   1007   1115   1527   296   126   249   356   1080   1113   83   440   193   311   175   21   256   1042   1059   1444   1917   1364   1539   630   1478   361   151   21   1956   313   1459   148   414   1146   198   53   49   273   904   0   91   52   636   1173   260   1998   
2047   1248   1069   1450   1392   184   609   451   1420   1405   49   1425   867   1951   341   59   1064   386   1622   1147   1539   1149   10   804   980   1539   989   197   260   1194   906   1190   633   37   1356   1962   269   1369   1127   1459   1164   89   2019   893   68   1032   40   24   1116   51   1108   1371   840   91   0   1439   343   628   929   269   
66   1106   572   342   1344   945   1100   193   441   260   1108   979   908   647   285   2   72   337   387   953   644   645   622   115   1496   70   996   66   69   388   261   38   274   119   21   9   139   971   67   626   25   979   158   627   1372   358   1235   1966   1373   906   1529   405   74   52   1439   0   2024   649   973   1452   
28   605   980   313   14   962   180   1050   803   999   1026   474   970   1447   650   304   479   21   49   249   636   1988   1053   27   1212   52   113   79   1035   1927   991   1364   580   291   21   12   169   798   1375   973   967   1250   66   996   139   359   99   1372   1250   52   1580   1136   1065   636   343   2024   0   5   88   1055   
981   1248   1951   114   901   1227   244   855   189   987   337   1163   479   1157   52   1141   1443   1562   74   2015   949   636   616   188   338   226   2000   1388   323   2015   132   35   352   1988   1114   310   325   1325   60   1499   1436   319   1128   2010   1038   1112   1206   1496   324   1539   2026   35   59   1173   628   649   5   0   1498   976   
1998   1215   1174   997   991   983   1110   91   1023   985   90   13   1927   48   1991   799   65   979   1510   877   377   423   546   360   586   274   1163   450   1020   1529   1165   1439   14   617   2044   184   197   448   925   1442   39   980   25   46   175   633   1464   64   977   404   1387   1476   26   260   929   973   88   1498   0   1448   
116   929   359   342   310   1369   611   970   1020   0   328   647   32   1432   50   1349   591   35   1085   115   108   1093   1357   1202   3   1123   287   437   908   73   395   636   239   434   89   1386   1237   50   379   987   1372   644   269   1209   1400   357   1411   193   930   0   1061   1167   1371   1998   269   1452   1055   976   1448   0   
0   0   0   0   4321   743   0   167   1844   0   18   0   34   0   5906   4   0   0   0   0   0   1   0   9   0   0   0   0   661   366   1   12   0   128   1   59   0   0   3   0   603   95   3   0   0   0   2173   8   0   0   0   13   0   1   0   112   0   0   0   2281   
0   0   1   7   0   2   6280   0   0   0   0   0   0   0   1   0   5   5   0   0   1013   0   0   2625   0   47   6   804   0   74   0   0   0   123   0   3   0   2019   7   0   448   1   0   0   0   49   0   6613   0   0   38   1   0   13   1   112   0   0   13   17   
0   4367   0   36   0   1361   6   0   0   0   26   6589   887   0   0   628   263   12   0   0   1045   0   10   0   1   68   1759   17   0   7   387   0   60   0   3   403   3   0   0   0   0   1   0   0   29   3   6280   0   0   0   1000   0   0   38   3   0   0   4   0   0   
0   400   13   0   0   1503   1   2   4148   0   0   631   723   0   0   0   101   242   155   0   3   124   0   0   0   2   3985   55   0   0   0   0   3   49   0   534   0   1315   1   0   7641   108   0   0   55   0   0   220   1278   1   0   74   56   1276   0   227   2   0   0   0   
1446   0   0   0   0   15   0   3   0   6010   0   0   0   0   124   1   0   0   25   0   0   0   30   0   2   9   1   0   0   0   8   0   1   39   14   448   0   0   52   0   0   1   133   0   2202   0   0   3   322   517   6   2336   0   0   2940   0   5   0   19   50   
4482   6   0   656   25   0   119   0   0   0   0   0   0   6057   8   0   0   0   5698   0   2184   254   70   322   2   1926   0   0   14   1   17   0   0   177   0   5   0   135   0   1295   0   1346   4556   4   0   51   1   661   0   25   1   0   246   2   0   73   0   0   0   5   
628   0   0   1   5265   0   0   0   2   0   0   0   20   2055   13   0   1   0   0   0   0   5   0   0   0   0   7534   0   320   31   4   0   0   0   134   0   0   0   1   0   0   0   33   2   845   3   0   6   2230   0   0   0   0   697   2   0   0   0   0   0   
0   460   0   4   0   73   0   0   3   0   28   0   0   0   0   0   2454   0   4   1   209   130   9   158   87   0   0   0   544   6   0   0   1   2451   408   3   0   0   0   325   0   1   2964   435   0   0   0   0   0   70   1   565   0   0   13   5   0   1   0   0   
645   0   0   1   896   0   0   0   0   822   907   1   1   125   46   0   1190   815   0   913   0   1   8   0   613   0   3751   4237   2533   9   5   909   0   177   394   0   0   2249   0   0   0   798   0   798   660   0   24   1   0   152   0   71   0   0   0   13   0   3   0   0   
0   282   649   0   83   0   0   0   10   0   1   0   0   2   0   7   0   0   2391   0   0   0   1   621   28   0   0   0   107   139   21   2741   88   0   0   534   182   0   0   5   0   0   5   78   0   787   1   0   3   7236   13   232   476   37   0   0   13   0   0   0   
0   17   57   2   2546   5320   0   0   0   100   0   4   0   0   32   0   516   0   0   274   2461   0   36   5818   0   6   0   1   0   0   0   0   1   35   0   0   1   0   1601   0   0   1271   1   6   0   0   0   0   2   0   517   1926   392   6613   0   0   908   0   0   0   
0   0   1   0   3   141   0   0   2770   0   0   0   7820   0   0   0   361   0   17   7124   7124   17   0   0   21   0   660   848   2   46   110   0   0   0   160   7   0   0   0   656   0   0   770   0   0   764   0   0   1   70   0   0   0   3007   26   0   0   0   4295   1   
666   4   0   0   36   1028   0   733   133   0   0   0   0   2710   0   0   0   2911   3   220   0   370   0   0   0   453   0   509   0   28   0   0   0   0   2938   28   1   33   6   0   0   11   0   5   7   0   0   0   0   19   0   3485   0   0   0   0   822   0   780   11   
7116   102   948   31   0   0   36   8   0   391   1179   0   0   0   2019   2196   2   3   9   1   0   25   1529   0   0   26   4   0   0   0   0   1   1310   1448   0   1   0   0   0   5265   805   1   0   134   0   2428   4   0   14   0   665   0   0   1446   0   1   10   95   22   0   
0   1   448   0   2   575   4   234   0   0   13   738   804   331   0   0   408   0   0   7   4   10   2196   0   22   3   0   0   0   0   169   0   0   0   5   55   0   2717   1   1   0   0   3085   656   0   0   0   0   0   232   0   0   0   0   506   0   0   176   5   0   
3877   1962   148   95   4   0   0   0   0   0   733   3959   7820   391   0   0   15   283   19   791   0   176   0   0   15   0   0   0   0   0   0   0   0   0   1828   4200   0   0   0   0   0   0   470   0   0   1226   35   2807   0   0   0   0   322   0   0   1092   0   0   0   0   
1   0   0   26   1529   0   0   0   0   26   0   745   1   1   0   0   0   3   95   0   0   108   0   787   17   13   172   0   0   0   0   0   0   1072   6010   105   1261   34   0   63   0   4   661   1405   580   1507   3   0   0   29   0   176   0   0   0   1926   0   378   187   8   
2984   2   32   0   2   2   119   87   0   0   0   4521   5231   3   0   0   0   0   0   1045   574   275   0   5373   0   100   0   4582   31   1   0   0   0   511   0   7   16   0   14   0   47   0   2   2   80   0   4   0   0   0   11   0   0   0   41   0   13   0   0   0   
0   0   0   0   4   0   0   0   0   2   0   15   59   0   0   9   0   8   0   846   98   7   13   0   0   0   2546   325   43   4521   0   0   0   10   0   3   448   0   0   0   0   73   0   0   0   0   2257   0   0   0   0   0   7245   55   0   0   798   0   0   0   
0   0   0   793   4   0   0   0   1   0   0   0   5478   0   0   194   0   6347   3074   0   0   0   0   34   6609   1667   366   0   396   1   0   4   2   0   6958   5   0   188   2   0   133   0   0   6   0   0   5   119   0   177   0   0   0   0   0   4   92   0   0   0   
1849   7315   6   78   9   73   0   0   0   127   339   0   0   237   0   0   0   0   10   209   0   0   12   0   0   0   2940   65   0   0   516   0   1258   0   462   0   448   0   175   6048   68   0   0   63   0   0   306   0   0   2125   937   0   18   26   0   0   3935   533   0   74   
0   0   0   0   2   1   0   2710   4838   3036   71   0   0   0   5   0   723   1339   7378   0   2625   0   47   2008   0   0   7041   0   0   3085   3889   0   3   0   1   0   0   448   0   0   0   0   170   394   13   0   0   0   119   2   0   1013   0   0   0   0   2   0   0   0   
0   0   0   3   0   13   908   10   811   0   0   0   0   28   9   0   0   0   30   0   0   4148   0   0   1   0   4518   0   0   6010   0   0   4   0   0   0   726   0   16   0   0   2726   787   0   0   0   0   0   58   0   0   2   0   39   0   0   3470   0   0   0   
144   15   1   2   0   0   0   1   7   0   10   666   0   0   0   0   0   0   0   0   0   0   0   0   0   622   0   0   0   0   0   0   0   0   0   0   4104   0   0   38   2994   4   0   3757   0   0   0   0   10   0   0   0   0   0   2   0   194   1   1261   0   
0   0   4   0   0   0   0   0   1639   47   33   0   0   5   63   1   0   2019   0   0   1576   2   1   50   0   0   2807   5   0   3   1   0   39   0   17   0   2   0   4   0   0   0   0   0   0   2   0   0   6864   0   28   0   0   2625   0   3636   0   0   0   0   
0   0   31   0   0   12   0   0   3   0   1315   6613   0   5   1190   14   6   0   0   0   1   0   394   11   39   0   0   1576   0   689   0   0   0   5818   0   1258   423   0   0   0   476   0   0   0   0   0   0   516   0   1601   1   474   3467   0   189   510   0   1249   0   5   
1   0   0   0   0   0   0   666   39   31   907   0   0   0   148   10   3429   245   0   0   0   0   0   0   52   1   0   0   902   0   223   0   5320   0   1   0   4104   0   0   0   133   70   12   0   0   5   361   0   0   0   0   0   0   1   0   0   6   6   2710   139   
0   0   0   0   0   0   2   0   166   0   0   0   0   0   156   0   311   9   2199   0   0   0   182   0   1   6   0   0   0   0   0   0   1   5   209   0   0   1   1072   0   33   0   246   3935   2   0   0   0   5813   51   4   0   0   0   0   20   1   1   18   0   
3113   2   40   0   0   8   0   0   5   0   22   0   68   11   0   1458   1   0   0   338   1268   0   71   0   1   0   254   0   0   0   11   0   925   0   112   5   0   0   0   0   0   1356   1092   2   0   0   8   0   0   4   5   0   1   0   3036   0   0   328   0   0   
0   0   0   0   319   0   0   0   0   0   0   0   1   0   14   2092   168   0   82   73   0   0   0   0   0   700   0   702   0   0   0   0   0   0   2382   0   84   136   5978   0   0   212   5937   0   0   1   3   0   0   0   3187   1315   0   13   0   472   0   0   0   0   
0   3412   0   0   2092   0   0   0   0   2125   9   8   0   0   0   0   0   1331   0   1   0   0   1416   3025   0   5   5   4   0   1094   0   0   2   6   0   0   0   0   0   0   435   54   0   0   0   0   0   0   0   0   1542   0   0   0   0   77   0   0   125   0   
0   0   0   2125   136   3470   869   0   0   2008   5   0   0   76   0   177   13   113   0   0   4   0   5813   5181   33   15   10   23   0   155   0   0   0   125   1164   0   254   12   56   0   516   0   0   8   0   0   0   1542   0   0   0   0   189   0   34   0   0   85   0   0   
7   0   0   0   0   0   0   20   0   0   0   0   0   1   0   0   0   261   0   4   0   0   0   6   0   0   0   1   0   0   0   4   0   0   0   0   574   52   177   1   5044   597   75   0   322   37   229   0   1   22   60   0   0   64   0   252   47   0   0   354   
26   0   0   0   22   0   2887   0   0   7701   0   0   0   2196   0   0   0   253   0   0   0   0   20   0   0   55   9   0   68   0   0   0   0   0   0   234   0   0   0   0   9   146   7370   56   0   0   2585   0   0   0   27   0   13   129   1   0   0   2   0   0   
0   0   0   0   101   0   1   0   0   0   1507   2625   10   0   0   1   0   1963   35   61   0   0   0   661   0   0   0   0   1   0   0   0   0   2940   0   0   0   6   17   16   70   0   31   17   0   6   0   0   0   0   0   5   10   85   1   0   5   27   1215   0   
0   0   1   113   0   0   1   661   0   0   0   399   0   0   0   7360   1092   3   387   2357   957   0   0   0   0   0   10   0   0   0   434   0   769   0   0   0   31   451   1000   0   0   85   0   0   4   1753   0   3   0   1   0   2   2645   9   0   0   7534   50   2   951   
0   0   0   4   0   119   53   0   925   0   476   64   0   26   4   0   0   0   0   20   173   1   1338   539   909   6   1   0   0   0   0   0   0   0   0   0   0   23   0   0   0   0   0   2691   0   0   1705   0   0   0   0   0   0   2   0   0   2   5818   0   0   
0   0   0   1   0   0   0   0   0   0   0   0   0   0   0   198   0   0   0   0   0   1   11   0   1103   0   0   0   858   3985   0   1   666   11   197   3310   0   0   52   1   0   11   1849   0   50   0   0   0   3387   2   20   7   0   476   1356   0   0   2   58   1   
17   0   100   0   11   0   0   0   8   46   0   0   0   20   11   0   0   0   0   0   1   0   10   0   0   3   0   2   114   408   0   0   0   622   0   9   46   4556   0   0   0   6   108   3   0   0   55   1   0   2199   4647   0   0   2   6131   12   0   4   107   509   
0   0   553   0   0   40   0   0   0   4   2   1   0   0   672   90   11   0   229   1268   0   0   0   2   0   0   1   78   0   5   0   0   7534   0   869   0   0   2712   177   0   0   0   0   1   47   0   3   1   1   3   0   3   0   3   26   1059   534   1   0   0   
5   2911   0   0   20   0   24   0   0   77   311   0   0   108   700   0   0   666   3935   284   0   0   11   25   0   47   0   0   0   7   170   13   292   12   0   0   1   1962   0   0   0   3985   0   0   560   0   9   0   0   133   448   0   0   0   5551   0   37   0   1   0   
108   5551   0   19   511   4   0   1974   0   0   0   0   4   0   0   15   34   0   165   0   592   0   0   0   35   0   2659   0   0   0   95   0   0   0   108   13   112   0   86   1   28   0   386   0   0   0   11   0   0   0   0   0   320   1   1576   0   1   2   0   0   
19   5   2257   40   111   57   0   0   0   0   52   4295   0   84   0   0   0   0   2710   2802   0   0   1   3   133   5   770   0   194   0   0   1   0   0   0   3   0   23   0   331   3   0   0   631   0   0   0   805   101   0   0   2722   0   4060   7641   8   20   0   0   0   
7116   0   4   32   0   0   0   202   100   0   0   0   0   0   0   0   0   0   0   1   0   0   54   3462   1   0   0   27   0   0   0   4   53   0   0   0   0   0   0   24   0   0   0   0   0   1592   6   344   642   52   1618   0   0   0   0   14   0   70   0   0   
24   1   403   0   19   0   87   0   0   149   0   70   0   0   519   1458   1   672   0   0   19   1753   0   1   0   1   0   0   0   0   0   0   0   0   1295   830   0   472   0   0   0   0   0   176   0   0   61   0   0   21   29   1   59   23   3160   0   597   7   0   0   
434   0   580   0   0   48   0   34   0   1   0   5   0   0   7   10   0   7124   0   0   0   245   0   0   1   2354   0   2991   0   34   0   17   0   1   18   0   105   0   202   0   0   0   0   0   54   0   1   17   225   1   6   6   0   0   0   12   0   0   0   0   
0   0   0   0   0   0   0   0   4838   6010   0   0   0   0   0   1297   0   1   4   293   0   0   0   71   0   9   0   1   0   438   6   328   0   0   1   2   0   3   0   0   254   2461   0   0   0   0   0   1   0   787   0   0   0   0   0   6752   2   430   3781   1711   
0   13   0   0   1059   0   0   3   1   0   0   0   0   3   1   0   1   33   2875   0   896   0   0   534   0   1   223   4060   274   15   3757   805   0   0   1   1   247   516   0   0   0   239   0   0   1   52   0   0   0   80   2525   3550   0   0   0   0   0   3980   0   1   
11   1828   0   0   0   0   6   455   0   3   0   0   88   0   0   0   0   1   8   0   0   0   0   0   0   6057   0   17   0   0   1   0   9   0   0   0   0   158   511   0   0   0   1   631   0   15   0   0   0   2525   3935   0   1092   0   6   0   0   1592   0   0   
5   0   0   539   128   0   0   0   9   0   0   0   13   28   102   0   0   660   15   0   133   1   7641   0   0   0   47   0   0   9   0   0   31   0   858   0   11   0   0   0   0   902   0   26   0   0   0   0   0   0   0   0   549   0   0   1   5373   0   0   0   
0   0   0   5   1000   0   0   0   0   0   0   0   0   0   0   33   0   0   0   0   0   31   0   2173   0   0   0   0   0   0   0   0   0   0   0   0   0   0   13   24   5   0   0   0   0   0   11   0   0   408   0   0   0   0   0   692   0   0   0   0   
0   0   129   0   0   0   0   36   82   0   0   0   0   0   5104   0   0   254   2092   43   4237   0   0   0   0   38   0   0   0   5   12   0   0   63   0   0   0   0   0   0   43   0   0   524   5265   7   0   0   1   0   0   0   2546   3394   0   2   0   0   0   0   
0   232   56   0   0   0   4   0   0   125   0   3412   2336   601   124   11   0   0   0   0   1   5   0   5   1164   0   0   0   197   0   249   0   1   0   631   0   3266   21   0   0   32   0   202   0   5978   3550   95   5265   1278   0   0   1   0   0   0   1   58   0   1   0   
69   0   0   578   0   47   0   193   12   0   0   0   0   0   0   2   2   101   11   0   6   0   175   0   0   17   5   0   0   6   357   0   0   0   15   4   35   0   7056   449   0   0   0   20   11   0   24   0   0   0   0   6   1   0   229   0   17   0   3036   0   
0   1   0   3160   10   0   58   0   1522   0   1   0   399   0   0   1   329   2   0   0   1   0   0   5   0   7056   25   0   1   5   1256   0   0   0   1522   0   0   0   0   283   19   0   0   619   0   1   4582   0   113   0   0   175   0   0   0   311   0   450   17   0   
63   0   17   1   0   0   0   0   0   0   0   0   0   8   13   25   170   0   0   0   7   0   0   52   0   0   108   49   0   0   0   4556   0   9   14   0   4   185   0   0   1699   0   1   0   0   56   0   0   0   0   4   0   5   1   0   0   204   0   0   0   
0   63   0   17   0   4   11   0   1639   6   0   0   2   2   0   0   3   0   0   0   0   0   0   1926   822   229   0   0   0   0   0   0   399   82   0   0   2   0   3   0   0   1   5   0   0   0   0   190   1013   127   1   0   1   10   0   0   0   0   1639   0   
31   20   6   26   0   0   1   0   0   9   6131   0   0   6   0   11   28   0   21   0   3   0   908   0   9   0   38   9   301   0   77   0   0   6752   0   350   0   0   204   0   114   0   0   4   0   0   0   0   0   0   0   0   0   6   0   74   1   0   0   261   
1   3636   1   1   0   44   23   0   0   82   1000   1711   0   0   254   0   45   66   0   0   621   6010   0   214   0   0   15   84   0   0   0   1   1339   2   0   0   0   0   47   438   0   0   0   0   3   0   0   0   142   1   7820   1   0   0   0   0   0   1   0   143   
252   3   6   0   1   5   0   1   28   0   0   0   3523   0   2   1   0   0   1   0   75   4   0   385   2336   0   0   1   0   1   0   0   0   0   0   12   0   7056   0   0   4   46   11   237   0   1   0   0   0   7300   0   0   0   95   1   1   0   534   4   0   
